00 271.460 270.534 0.9607 0.9641
00 271.460 270.435 0.8536 0.8566
00 271.460 270.213 0.9326 0.9388
00 271.460 270.246 0.8949 0.9004
00 271.460 270.494 0.9566 0.9601
00 271.460 270.465 0.8397 0.8427
00 271.460 270.206 0.9299 0.9362
00 271.460 270.306 0.8866 0.8913
00 271.460 270.396 0.9455 0.9498
00 271.460 270.487 0.8286 0.8315
00 271.460 270.301 0.9375 0.9428
00 271.460 270.339 0.8778 0.8820
00 271.460 270.223 0.9184 0.9244
00 271.460 270.508 0.8242 0.8271
00 271.460 270.268 0.9317 0.9373
00 271.460 270.414 0.8784 0.8818
00 271.460 270.188 0.9055 0.9117
00 271.460 270.535 0.8241 0.8270
00 271.460 270.268 0.9284 0.9340
00 271.460 270.551 0.8950 0.8982
00 271.460 270.226 0.9023 0.9081
00 271.460 270.561 0.8221 0.8250
00 271.460 270.280 0.9269 0.9323
00 271.460 270.601 0.9065 0.9091
00 271.460 270.287 0.8914 0.8963
00 271.460 270.590 0.8216 0.8245
00 271.460 270.301 0.9265 0.9317
00 271.460 270.599 0.9091 0.9118
00 271.460 270.415 0.8766 0.8801
00 271.460 270.627 0.8224 0.8249
00 271.460 270.326 0.9257 0.9307
00 271.460 270.612 0.9107 0.9133
00 271.460 270.468 0.8709 0.8741
00 271.460 270.665 0.8252 0.8273
00 271.460 270.355 0.9246 0.9292
00 271.460 270.626 0.9108 0.9133
00 271.460 270.481 0.8689 0.8721
00 271.460 270.699 0.8307 0.8324
00 271.460 270.383 0.9224 0.9267
00 271.460 270.639 0.9109 0.9132
00 271.460 270.527 0.8752 0.8783
00 271.460 270.716 0.8372 0.8387
00 271.460 270.411 0.9188 0.9227
00 271.460 270.658 0.9116 0.9136
00 271.463 270.458 0.8724 0.8756
00 271.460 270.725 0.8423 0.8437
00 271.460 270.446 0.9152 0.9187
00 271.460 270.683 0.9110 0.9128
00 271.716 270.702 0.8790 0.8831
00 271.541 270.796 0.8486 0.8500
00 271.460 270.476 0.9172 0.9205
00 271.460 270.707 0.9091 0.9106
00 271.888 270.921 0.8852 0.8885
00 271.787 271.000 0.8527 0.8542
00 271.503 270.524 0.9174 0.9212
00 271.460 270.730 0.9057 0.9070
00 271.904 270.955 0.8866 0.8897
00 271.887 271.078 0.8566 0.8581
00 271.904 270.893 0.9152 0.9191
00 271.460 270.755 0.9015 0.9025
00 272.525 271.549 0.8889 0.8926
00 272.546 271.638 0.8562 0.8592
00 272.861 271.718 0.9061 0.9113
00 272.198 271.461 0.8976 0.8982
00 272.648 271.699 0.8888 0.8922
00 272.916 271.957 0.8566 0.8596
00 273.549 272.261 0.8854 0.8912
00 272.554 271.819 0.8971 0.8983
00 272.943 271.997 0.8878 0.8908
00 273.127 272.132 0.8562 0.8592
00 273.857 272.536 0.8673 0.8739
00 273.330 272.551 0.8965 0.8983
00 271.460 270.529 0.9606 0.9640
00 271.460 270.620 0.8792 0.8817
00 271.460 270.270 0.9350 0.9406
00 271.460 270.257 0.8940 0.8993
00 271.460 270.493 0.9567 0.9602
00 271.460 270.672 0.8845 0.8865
00 271.460 270.235 0.9304 0.9363
00 271.460 270.313 0.8855 0.8901
00 271.460 270.394 0.9454 0.9498
00 271.460 270.674 0.8838 0.8857
00 271.460 270.253 0.9307 0.9365
00 271.460 270.367 0.8771 0.8810
00 271.460 270.224 0.9182 0.9242
00 271.460 270.641 0.8723 0.8746
00 271.460 270.322 0.9371 0.9422
00 271.460 270.418 0.8695 0.8728
00 271.460 270.180 0.9031 0.9094
00 271.460 270.602 0.8599 0.8626
00 271.460 270.296 0.9340 0.9393
00 271.460 270.513 0.8780 0.8811
00 271.460 270.223 0.8999 0.9056
00 271.460 270.574 0.8457 0.8487
00 271.460 270.248 0.9275 0.9332
00 271.460 270.621 0.8976 0.9001
00 271.460 270.308 0.8870 0.8918
00 271.460 270.567 0.8346 0.8375
00 271.460 270.237 0.9241 0.9300
00 271.460 270.646 0.9061 0.9083
00 271.460 270.452 0.8735 0.8766
00 271.460 270.555 0.8236 0.8265
00 271.460 270.269 0.9252 0.9307
00 271.460 270.647 0.9088 0.9109
00 271.460 270.491 0.8676 0.8707
00 271.460 270.554 0.8181 0.8210
00 271.460 270.298 0.9243 0.9296
00 271.460 270.654 0.9098 0.9119
00 271.460 270.529 0.8700 0.8731
00 271.460 270.559 0.8169 0.8198
00 271.460 270.318 0.9214 0.9264
00 271.460 270.671 0.9095 0.9114
00 271.460 270.531 0.8742 0.8773
00 271.460 270.555 0.8142 0.8171
00 271.460 270.356 0.9189 0.9234
00 271.460 270.691 0.9085 0.9102
00 271.460 270.490 0.8735 0.8766
00 271.460 270.571 0.8147 0.8175
00 271.460 270.409 0.9132 0.9170
00 271.460 270.717 0.9068 0.9083
00 271.679 270.715 0.8772 0.8808
00 271.572 270.682 0.8135 0.8164
00 271.460 270.500 0.9044 0.9077
00 271.460 270.733 0.9050 0.9063
00 271.854 270.930 0.8859 0.8888
00 271.846 270.934 0.8122 0.8148
00 271.554 270.637 0.9061 0.9093
00 271.460 270.755 0.9023 0.9033
00 272.008 271.088 0.8879 0.8905
00 271.977 271.068 0.8111 0.8134
00 272.141 271.163 0.9091 0.9124
00 271.461 270.789 0.8988 0.8994
00 272.470 271.533 0.8904 0.8937
00 272.531 271.564 0.8112 0.8146
00 272.820 271.705 0.8997 0.9047
00 272.439 271.703 0.8966 0.8979
00 272.736 271.810 0.8969 0.8999
00 273.143 272.117 0.8118 0.8149
00 273.425 272.144 0.8793 0.8851
00 273.474 272.657 0.8930 0.8950
00 273.017 272.095 0.8979 0.9005
00 273.356 272.325 0.8104 0.8131
00 273.585 272.294 0.8648 0.8703
00 273.603 272.780 0.8879 0.8899
00 271.460 270.522 0.9602 0.9637
00 271.460 270.667 0.8784 0.8804
00 271.460 270.280 0.9347 0.9402
00 271.460 270.261 0.8939 0.8992
00 271.460 270.486 0.9564 0.9600
00 271.460 270.736 0.8839 0.8852
00 271.460 270.253 0.9298 0.9356
00 271.460 270.322 0.8853 0.8899
00 271.460 270.394 0.9456 0.9499
00 271.460 270.767 0.8830 0.8839
00 271.460 270.266 0.9283 0.9339
00 271.460 270.383 0.8766 0.8804
00 271.460 270.224 0.9185 0.9245
00 271.460 270.783 0.8780 0.8787
00 271.460 270.312 0.9314 0.9366
00 271.460 270.432 0.8668 0.8700
00 271.460 270.177 0.9009 0.9072
00 271.460 270.794 0.8781 0.8788
00 271.460 270.360 0.9367 0.9413
00 271.460 270.486 0.8672 0.8703
00 271.460 270.222 0.8958 0.9015
00 271.460 270.802 0.8847 0.8853
00 271.460 270.311 0.9319 0.9370
00 271.460 270.561 0.8736 0.8767
00 271.460 270.328 0.8834 0.8879
00 271.460 270.791 0.8852 0.8858
00 271.460 270.281 0.9285 0.9340
00 271.460 270.632 0.8880 0.8904
00 271.460 270.477 0.8751 0.8783
00 271.460 270.769 0.8804 0.8813
00 271.460 270.262 0.9266 0.9323
00 271.460 270.657 0.8951 0.8972
00 271.460 270.517 0.8714 0.8745
00 271.460 270.761 0.8770 0.8779
00 271.460 270.256 0.9255 0.9312
00 271.460 270.671 0.8978 0.8997
00 271.460 270.545 0.8715 0.8747
00 271.460 270.750 0.8730 0.8741
00 271.460 270.284 0.9255 0.9309
00 271.460 270.688 0.8972 0.8989
00 271.460 270.540 0.8727 0.8759
00 271.460 270.747 0.8712 0.8723
00 271.460 270.316 0.9226 0.9276
00 271.460 270.710 0.8951 0.8967
00 271.462 270.553 0.8749 0.8780
00 271.460 270.742 0.8693 0.8704
00 271.460 270.356 0.9176 0.9221
00 271.460 270.725 0.8933 0.8946
00 271.927 271.003 0.8796 0.8824
00 271.537 270.808 0.8678 0.8690
00 271.460 270.409 0.9104 0.9142
00 271.460 270.744 0.8902 0.8913
00 272.011 271.116 0.8855 0.8879
00 272.101 271.306 0.8660 0.8671
00 271.566 270.590 0.8994 0.9033
00 271.460 270.769 0.8850 0.8859
00 272.277 271.371 0.8890 0.8912
00 272.209 271.396 0.8630 0.8640
00 272.197 271.223 0.8907 0.8937
00 271.500 270.832 0.8797 0.8802
00 272.491 271.550 0.8855 0.8889
00 272.589 271.720 0.8596 0.8622
00 272.399 271.372 0.8833 0.8866
00 271.927 271.230 0.8729 0.8732
00 272.917 271.914 0.8761 0.8796
00 272.993 272.060 0.8549 0.8575
00 273.117 271.943 0.8738 0.8789
00 272.688 271.908 0.8660 0.8675
00 273.488 272.414 0.8653 0.8687
00 273.549 272.528 0.8502 0.8539
00 273.683 272.381 0.8601 0.8655
00 273.400 272.517 0.8568 0.8592
00 271.460 270.511 0.9599 0.9634
00 271.460 270.696 0.8441 0.8458
00 271.460 270.205 0.9284 0.9347
00 271.460 270.258 0.8945 0.8999
00 271.460 270.482 0.9560 0.9596
00 271.460 270.730 0.8559 0.8572
00 271.460 270.173 0.9231 0.9297
00 271.460 270.310 0.8855 0.8902
00 271.460 270.405 0.9464 0.9506
00 271.460 270.732 0.8662 0.8675
00 271.460 270.201 0.9232 0.9295
00 271.460 270.379 0.8775 0.8813
00 271.460 270.226 0.9195 0.9255
00 271.460 270.755 0.8842 0.8853
00 271.460 270.220 0.9231 0.9292
00 271.460 270.431 0.8694 0.8726
00 271.460 270.175 0.8997 0.9060
00 271.460 270.779 0.8921 0.8929
00 271.460 270.241 0.9241 0.9299
00 271.460 270.467 0.8638 0.8669
00 271.460 270.230 0.8918 0.8974
00 271.460 270.793 0.8885 0.8891
00 271.460 270.275 0.9269 0.9324
00 271.460 270.525 0.8645 0.8676
00 271.460 270.359 0.8852 0.8894
00 271.460 270.794 0.8790 0.8796
00 271.460 270.276 0.9259 0.9314
00 271.460 270.585 0.8658 0.8687
00 271.460 270.495 0.8808 0.8839
00 271.460 270.791 0.8660 0.8667
00 271.460 270.276 0.9253 0.9308
00 271.460 270.625 0.8686 0.8711
00 271.460 270.520 0.8775 0.8806
00 271.460 270.796 0.8660 0.8666
00 271.460 270.264 0.9241 0.9297
00 271.460 270.656 0.8703 0.8724
00 271.460 270.548 0.8763 0.8795
00 271.460 270.803 0.8714 0.8720
00 271.460 270.267 0.9236 0.9292
00 271.460 270.680 0.8702 0.8721
00 271.460 270.565 0.8698 0.8729
00 271.460 270.810 0.8774 0.8778
00 271.460 270.321 0.9265 0.9315
00 271.460 270.693 0.8680 0.8697
00 271.460 270.594 0.8719 0.8746
00 271.460 270.819 0.8830 0.8833
00 271.460 270.355 0.9263 0.9309
00 271.460 270.703 0.8630 0.8647
00 271.510 270.650 0.8717 0.8744
00 271.460 270.834 0.8863 0.8865
00 271.460 270.362 0.9193 0.9237
00 271.460 270.714 0.8567 0.8582
00 271.841 270.907 0.8616 0.8645
00 272.035 271.358 0.8876 0.8876
00 271.491 270.421 0.9119 0.9160
00 271.460 270.713 0.8504 0.8519
00 272.132 271.139 0.8494 0.8525
00 272.340 271.640 0.8878 0.8888
00 272.885 271.749 0.9029 0.9080
00 271.463 270.702 0.8457 0.8474
00 272.092 271.146 0.8413 0.8439
00 272.110 271.453 0.8875 0.8872
00 272.262 271.197 0.8928 0.8967
00 272.620 271.682 0.8441 0.8473
00 272.454 271.525 0.8373 0.8402
00 272.347 271.684 0.8877 0.8883
00 272.867 271.743 0.8854 0.8904
00 273.130 272.096 0.8407 0.8440
00 273.568 272.553 0.8342 0.8380
00 273.151 272.423 0.8899 0.8902
00 273.422 272.227 0.8780 0.8829
00 273.302 272.226 0.8381 0.8415
00 271.460 270.545 0.9629 0.9661
00 271.460 270.694 0.8328 0.8345
00 271.460 270.199 0.9268 0.9331
00 271.460 270.220 0.9057 0.9116
00 271.460 270.524 0.9605 0.9640
00 271.460 270.751 0.8288 0.8299
00 271.460 270.153 0.9205 0.9272
00 271.460 270.248 0.8967 0.9022
00 271.460 270.487 0.9562 0.9598
00 271.460 270.748 0.8257 0.8269
00 271.460 270.164 0.9193 0.9259
00 271.460 270.284 0.8889 0.8939
00 271.460 270.421 0.9480 0.9521
00 271.460 270.737 0.8259 0.8271
00 271.460 270.180 0.9193 0.9258
00 271.460 270.331 0.8796 0.8840
00 271.460 270.246 0.9230 0.9288
00 271.460 270.712 0.8304 0.8320
00 271.460 270.190 0.9191 0.9254
00 271.460 270.393 0.8746 0.8782
00 271.460 270.175 0.9009 0.9073
00 271.460 270.674 0.8394 0.8413
00 271.460 270.190 0.9176 0.9239
00 271.460 270.436 0.8692 0.8724
00 271.460 270.231 0.8889 0.8945
00 271.460 270.655 0.8512 0.8533
00 271.460 270.189 0.9166 0.9229
00 271.460 270.469 0.8637 0.8668
00 271.460 270.375 0.8837 0.8877
00 271.460 270.708 0.8758 0.8774
00 271.460 270.214 0.9189 0.9250
00 271.460 270.506 0.8625 0.8656
00 271.460 270.519 0.8846 0.8878
00 271.460 270.754 0.8903 0.8913
00 271.460 270.241 0.9211 0.9269
00 271.460 270.540 0.8612 0.8643
00 271.460 270.523 0.8796 0.8828
00 271.460 270.773 0.8926 0.8934
00 271.460 270.249 0.9215 0.9273
00 271.460 270.566 0.8595 0.8626
00 271.460 270.540 0.8681 0.8712
00 271.460 270.780 0.8919 0.8927
00 271.460 270.258 0.9207 0.9264
00 271.460 270.580 0.8582 0.8612
00 271.460 270.543 0.8594 0.8625
00 271.460 270.783 0.8932 0.8939
00 271.460 270.288 0.9213 0.9266
00 271.460 270.580 0.8547 0.8577
00 271.460 270.539 0.8531 0.8562
00 271.460 270.787 0.8965 0.8971
00 271.460 270.327 0.9234 0.9282
00 271.460 270.587 0.8543 0.8572
00 271.461 270.547 0.8477 0.8507
00 271.460 270.791 0.8959 0.8966
00 271.460 270.359 0.9250 0.9295
00 271.460 270.583 0.8513 0.8542
00 271.781 270.842 0.8395 0.8426
00 271.655 270.964 0.8894 0.8901
00 271.460 270.368 0.9214 0.9258
00 271.460 270.587 0.8511 0.8540
00 272.170 271.219 0.8398 0.8423
00 272.395 271.607 0.8790 0.8810
00 271.730 270.620 0.9143 0.9194
00 271.460 270.583 0.8520 0.8549
00 272.517 271.562 0.8370 0.8404
00 272.970 272.115 0.8706 0.8725
00 272.968 271.777 0.9085 0.9141
00 271.912 270.969 0.8537 0.8566
00 273.225 272.233 0.8334 0.8361
00 273.006 272.152 0.8614 0.8631
00 273.483 272.264 0.9045 0.9098
00 273.804 272.609 0.8559 0.8615
00 273.500 272.539 0.8318 0.8349
00 273.357 272.464 0.8527 0.8546
00 274.091 272.824 0.9010 0.9072
00 274.192 272.944 0.8592 0.8647
00 271.460 270.559 0.9648 0.9679
00 271.460 270.502 0.8392 0.8423
00 271.460 270.167 0.9236 0.9303
00 271.460 270.210 0.9170 0.9231
00 271.460 270.550 0.9633 0.9665
00 271.460 270.657 0.8235 0.8257
00 271.460 270.149 0.9177 0.9245
00 271.460 270.219 0.9084 0.9143
00 271.460 270.534 0.9613 0.9646
00 271.460 270.713 0.8184 0.8200
00 271.460 270.147 0.9149 0.9217
00 271.460 270.230 0.9001 0.9058
00 271.460 270.494 0.9567 0.9602
00 271.460 270.760 0.8160 0.8170
00 271.460 270.162 0.9151 0.9217
00 271.460 270.245 0.8926 0.8981
00 271.460 270.443 0.9502 0.9541
00 271.460 270.757 0.8187 0.8198
00 271.460 270.168 0.9144 0.9210
00 271.460 270.277 0.8856 0.8906
00 271.460 270.303 0.9314 0.9366
00 271.460 270.741 0.8201 0.8214
00 271.460 270.180 0.9144 0.9208
00 271.460 270.323 0.8805 0.8850
00 271.460 270.165 0.9024 0.9089
00 271.460 270.721 0.8219 0.8234
00 271.460 270.194 0.9152 0.9214
00 271.460 270.360 0.8758 0.8798
00 271.460 270.212 0.8878 0.8936
00 271.460 270.704 0.8324 0.8341
00 271.460 270.201 0.9157 0.9219
00 271.460 270.399 0.8726 0.8761
00 271.460 270.346 0.8780 0.8822
00 271.460 270.665 0.8399 0.8420
00 271.460 270.201 0.9154 0.9216
00 271.460 270.426 0.8692 0.8724
00 271.460 270.515 0.8793 0.8825
00 271.460 270.625 0.8474 0.8499
00 271.460 270.231 0.9174 0.9233
00 271.460 270.441 0.8653 0.8684
00 271.460 270.505 0.8824 0.8856
00 271.460 270.634 0.8593 0.8617
00 271.460 270.257 0.9191 0.9247
00 271.460 270.452 0.8623 0.8654
00 271.460 270.469 0.8713 0.8745
00 271.460 270.684 0.8722 0.8741
00 271.460 270.278 0.9192 0.9246
00 271.460 270.474 0.8636 0.8667
00 271.460 270.478 0.8585 0.8616
00 271.460 270.713 0.8739 0.8754
00 271.460 270.295 0.9191 0.9243
00 271.460 270.490 0.8649 0.8680
00 271.460 270.507 0.8528 0.8558
00 271.460 270.728 0.8670 0.8684
00 271.460 270.323 0.9204 0.9253
00 271.460 270.494 0.8660 0.8691
00 271.460 270.536 0.8491 0.8521
00 271.460 270.730 0.8553 0.8566
00 271.460 270.349 0.9220 0.9267
00 271.460 270.492 0.8678 0.8709
00 271.488 270.586 0.8470 0.8501
00 271.480 270.756 0.8398 0.8410
00 271.464 270.367 0.9226 0.9270
00 271.460 270.483 0.8702 0.8734
00 271.918 270.990 0.8465 0.8492
00 271.911 271.150 0.8317 0.8325
00 271.804 270.699 0.9217 0.9268
00 271.461 270.457 0.8716 0.8747
00 272.206 271.282 0.8459 0.8481
00 272.528 271.711 0.8272 0.8292
00 272.417 271.283 0.9201 0.9249
00 271.505 270.481 0.8724 0.8760
00 273.094 272.100 0.8420 0.8449
00 273.280 272.387 0.8274 0.8289
00 273.207 272.036 0.9180 0.9232
00 271.906 270.844 0.8759 0.8802
00 273.896 272.818 0.8348 0.8389
00 274.038 273.065 0.8283 0.8310
00 273.849 272.673 0.9191 0.9246
00 273.115 271.959 0.8828 0.8878
00 271.460 270.563 0.9659 0.9689
00 271.460 270.349 0.8436 0.8475
00 271.460 270.190 0.9222 0.9285
00 271.460 270.203 0.9223 0.9286
00 271.460 270.569 0.9653 0.9683
00 271.460 270.515 0.8273 0.8302
00 271.460 270.164 0.9180 0.9246
00 271.460 270.223 0.9190 0.9249
00 271.460 270.564 0.9643 0.9674
00 271.460 270.629 0.8181 0.8205
00 271.460 270.143 0.9137 0.9205
00 271.460 270.215 0.9114 0.9174
00 271.460 270.535 0.9614 0.9647
00 271.460 270.743 0.8161 0.8173
00 271.460 270.134 0.9091 0.9159
00 271.460 270.213 0.9050 0.9109
00 271.460 270.503 0.9573 0.9609
00 271.460 270.803 0.8165 0.8171
00 271.460 270.159 0.9092 0.9158
00 271.460 270.214 0.8982 0.9040
00 271.460 270.468 0.9527 0.9564
00 271.460 270.816 0.8194 0.8198
00 271.460 270.161 0.9064 0.9129
00 271.460 270.232 0.8925 0.8981
00 271.460 270.364 0.9403 0.9449
00 271.460 270.820 0.8236 0.8240
00 271.460 270.176 0.9052 0.9116
00 271.460 270.262 0.8874 0.8926
00 271.460 270.176 0.9069 0.9133
00 271.460 270.802 0.8263 0.8269
00 271.460 270.218 0.9073 0.9132
00 271.460 270.284 0.8816 0.8865
00 271.460 270.191 0.8904 0.8965
00 271.460 270.769 0.8206 0.8215
00 271.460 270.228 0.9096 0.9154
00 271.460 270.315 0.8781 0.8827
00 271.460 270.282 0.8730 0.8779
00 271.460 270.737 0.8235 0.8248
00 271.460 270.227 0.9113 0.9172
00 271.460 270.343 0.8753 0.8795
00 271.460 270.494 0.8670 0.8702
00 271.460 270.719 0.8303 0.8317
00 271.460 270.244 0.9136 0.9193
00 271.460 270.372 0.8753 0.8792
00 271.460 270.573 0.8743 0.8773
00 271.460 270.687 0.8223 0.8241
00 271.460 270.286 0.9182 0.9235
00 271.460 270.397 0.8755 0.8792
00 271.460 270.520 0.8790 0.8822
00 271.460 270.676 0.8229 0.8248
00 271.460 270.326 0.9209 0.9257
00 271.460 270.414 0.8763 0.8798
00 271.460 270.482 0.8684 0.8715
00 271.460 270.725 0.8280 0.8294
00 271.460 270.361 0.9213 0.9257
00 271.460 270.418 0.8773 0.8807
00 271.460 270.478 0.8582 0.8613
00 271.460 270.779 0.8303 0.8311
00 271.460 270.386 0.9206 0.9248
00 271.460 270.401 0.8775 0.8811
00 271.468 270.504 0.8538 0.8570
00 271.658 270.975 0.8280 0.8285
00 271.474 270.421 0.9207 0.9247
00 271.460 270.394 0.8787 0.8824
00 271.961 270.960 0.8512 0.8547
00 271.931 271.234 0.8257 0.8258
00 272.080 271.008 0.9205 0.9250
00 271.460 270.436 0.8843 0.8875
00 272.330 271.337 0.8557 0.8584
00 272.218 271.519 0.8278 0.8284
00 272.106 271.056 0.9217 0.9259
00 271.510 270.568 0.8927 0.8962
00 272.363 271.417 0.8591 0.8613
00 272.299 271.638 0.8341 0.8349
00 272.156 271.128 0.9228 0.9267
00 272.154 271.245 0.9004 0.9029
00 272.757 271.792 0.8557 0.8590
00 272.628 271.964 0.8447 0.8450
00 272.369 271.354 0.9228 0.9263
00 272.638 271.752 0.9049 0.9076
00 273.484 272.423 0.8471 0.8501
00 273.389 272.650 0.8528 0.8542
00 273.001 271.972 0.9224 0.9264
00 273.461 272.551 0.9072 0.9102
00 271.460 270.569 0.9651 0.9681
00 271.460 270.479 0.8367 0.8397
00 271.460 270.157 0.9138 0.9205
00 271.460 270.215 0.9193 0.9254
00 271.460 270.569 0.9644 0.9674
00 271.460 270.583 0.8298 0.8328
00 271.460 270.135 0.9093 0.9161
00 271.460 270.209 0.9142 0.9203
00 271.460 270.520 0.9600 0.9635
00 271.460 270.697 0.8273 0.8290
00 271.460 270.144 0.9044 0.9111
00 271.460 270.213 0.9109 0.9169
00 271.460 270.511 0.9581 0.9616
00 271.460 270.750 0.8190 0.8202
00 271.460 270.158 0.9007 0.9072
00 271.460 270.202 0.9056 0.9116
00 271.460 270.487 0.9549 0.9585
00 271.460 270.795 0.8178 0.8185
00 271.460 270.179 0.8962 0.9025
00 271.460 270.204 0.9003 0.9063
00 271.460 270.408 0.9459 0.9501
00 271.460 270.812 0.8204 0.8209
00 271.460 270.211 0.8926 0.8984
00 271.460 270.219 0.8951 0.9009
00 271.460 270.201 0.9141 0.9203
00 271.460 270.805 0.8217 0.8223
00 271.460 270.273 0.8888 0.8939
00 271.460 270.232 0.8897 0.8952
00 271.460 270.187 0.8943 0.9005
00 271.460 270.788 0.8265 0.8273
00 271.460 270.317 0.8912 0.8958
00 271.460 270.257 0.8870 0.8922
00 271.460 270.261 0.8764 0.8815
00 271.460 270.763 0.8224 0.8234
00 271.460 270.303 0.8965 0.9014
00 271.460 270.285 0.8854 0.8903
00 271.460 270.425 0.8587 0.8618
00 271.460 270.769 0.8178 0.8187
00 271.460 270.318 0.9059 0.9107
00 271.460 270.311 0.8838 0.8884
00 271.460 270.592 0.8602 0.8630
00 271.460 270.795 0.8213 0.8220
00 271.460 270.335 0.9122 0.9169
00 271.460 270.330 0.8824 0.8868
00 271.460 270.612 0.8693 0.8719
00 271.460 270.824 0.8219 0.8222
00 271.460 270.362 0.9166 0.9210
00 271.460 270.332 0.8818 0.8862
00 271.460 270.583 0.8751 0.8780
00 271.460 270.847 0.8266 0.8267
00 271.460 270.384 0.9178 0.9220
00 271.460 270.352 0.8846 0.8888
00 271.460 270.553 0.8718 0.8749
00 271.476 270.879 0.8312 0.8311
00 271.460 270.399 0.9177 0.9217
00 271.460 270.435 0.8922 0.8956
00 271.989 271.002 0.8666 0.8699
00 272.070 271.411 0.8355 0.8350
00 271.730 270.675 0.9176 0.9222
00 271.520 270.609 0.9012 0.9044
00 272.688 271.631 0.8656 0.8700
00 272.434 271.768 0.8410 0.8417
00 272.357 271.290 0.9176 0.9216
00 272.050 271.184 0.9064 0.9085
00 272.819 271.803 0.8646 0.8684
00 272.400 271.775 0.8496 0.8499
00 272.308 271.272 0.9177 0.9215
00 272.023 271.199 0.9066 0.9083
00 272.959 271.985 0.8619 0.8650
00 272.808 272.126 0.8548 0.8550
00 272.935 271.875 0.9173 0.9217
00 272.928 272.056 0.9055 0.9078
00 273.317 272.317 0.8581 0.8608
00 273.382 272.600 0.8535 0.8553
00 273.375 272.300 0.9173 0.9213
00 273.639 272.734 0.9075 0.9103
00 273.509 272.477 0.8509 0.8542
00 273.510 272.684 0.8484 0.8505
00 273.433 272.365 0.9170 0.9209
00 273.800 272.893 0.9094 0.9121
00 271.460 270.527 0.9638 0.9673
00 271.460 270.343 0.8586 0.8627
00 271.460 270.221 0.9185 0.9245
00 271.460 270.215 0.9251 0.9312
00 271.460 270.569 0.9651 0.9681
00 271.460 270.502 0.8618 0.8648
00 271.460 270.172 0.9119 0.9183
00 271.460 270.213 0.9215 0.9276
00 271.460 270.547 0.9628 0.9660
00 271.460 270.554 0.8565 0.8595
00 271.460 270.152 0.9068 0.9135
00 271.460 270.210 0.9191 0.9252
00 271.460 270.515 0.9596 0.9631
00 271.460 270.594 0.8398 0.8426
00 271.460 270.172 0.8995 0.9059
00 271.460 270.208 0.9165 0.9226
00 271.460 270.537 0.9607 0.9640
00 271.460 270.643 0.8338 0.8361
00 271.460 270.224 0.8961 0.9018
00 271.460 270.181 0.9117 0.9180
00 271.460 270.503 0.9573 0.9609
00 271.460 270.742 0.8301 0.8313
00 271.460 270.273 0.8898 0.8949
00 271.460 270.178 0.9066 0.9130
00 271.460 270.453 0.9509 0.9547
00 271.460 270.804 0.8327 0.8332
00 271.460 270.361 0.8821 0.8861
00 271.460 270.185 0.9031 0.9093
00 271.460 270.287 0.9287 0.9341
00 271.460 270.823 0.8331 0.8334
00 271.460 270.445 0.8718 0.8750
00 271.460 270.208 0.9004 0.9063
00 271.460 270.180 0.8997 0.9059
00 271.460 270.799 0.8311 0.8317
00 271.460 270.504 0.8715 0.8746
00 271.460 270.230 0.8977 0.9034
00 271.460 270.248 0.8836 0.8889
00 271.460 270.778 0.8279 0.8287
00 271.460 270.470 0.8813 0.8845
00 271.460 270.253 0.8958 0.9012
00 271.460 270.376 0.8612 0.8649
00 271.460 270.779 0.8291 0.8299
00 271.460 270.431 0.8928 0.8963
00 271.460 270.286 0.8958 0.9008
00 271.460 270.540 0.8495 0.8526
00 271.460 270.804 0.8285 0.8291
00 271.460 270.427 0.9016 0.9051
00 271.460 270.316 0.8966 0.9013
00 271.460 270.632 0.8527 0.8551
00 271.460 270.831 0.8339 0.8341
00 271.460 270.435 0.9077 0.9112
00 271.460 270.380 0.8990 0.9030
00 271.460 270.679 0.8610 0.8629
00 271.460 270.847 0.8386 0.8387
00 271.460 270.446 0.9110 0.9144
00 271.460 270.512 0.9055 0.9087
00 271.487 270.719 0.8704 0.8721
00 271.700 271.069 0.8466 0.8465
00 271.460 270.461 0.9127 0.9161
00 271.460 270.613 0.9101 0.9127
00 272.072 271.217 0.8746 0.8764
00 272.290 271.602 0.8509 0.8520
00 271.529 270.534 0.9128 0.9169
00 271.461 270.658 0.9096 0.9117
00 272.507 271.581 0.8756 0.8789
00 272.560 271.853 0.8587 0.8595
00 272.400 271.368 0.9137 0.9173
00 271.525 270.739 0.9063 0.9081
00 272.264 271.368 0.8716 0.8736
00 272.290 271.601 0.8627 0.8638
00 272.400 271.387 0.9137 0.9171
00 271.989 271.182 0.9040 0.9056
00 272.522 271.622 0.8644 0.8674
00 272.622 271.872 0.8629 0.8641
00 272.734 271.718 0.9134 0.9174
00 272.835 271.971 0.9043 0.9065
00 272.971 272.028 0.8596 0.8623
00 273.146 272.315 0.8604 0.8617
00 273.099 272.077 0.9134 0.9171
00 273.384 272.486 0.9070 0.9093
00 272.983 272.028 0.8535 0.8563
00 273.180 272.347 0.8560 0.8572
00 273.001 272.000 0.9132 0.9168
00 273.351 272.458 0.9116 0.9137
00 271.460 270.506 0.9633 0.9669
00 271.460 270.357 0.8632 0.8671
00 271.460 270.236 0.9149 0.9207
00 271.460 270.205 0.9234 0.9296
00 271.460 270.520 0.9612 0.9648
00 271.460 270.532 0.8573 0.8603
00 271.460 270.177 0.8879 0.8941
00 271.460 270.212 0.9234 0.9296
00 271.460 270.501 0.9553 0.9589
00 271.460 270.734 0.8516 0.8529
00 271.460 270.444 0.8827 0.8859
00 271.460 270.176 0.9140 0.9204
00 271.460 270.389 0.9436 0.9480
00 271.460 270.806 0.8367 0.8372
00 271.460 270.425 0.8685 0.8717
00 271.460 270.205 0.9109 0.9170
00 271.460 270.193 0.9094 0.9157
00 271.460 270.841 0.8429 0.8430
00 271.460 270.573 0.8706 0.8736
00 271.460 270.230 0.9080 0.9137
00 271.460 270.235 0.8920 0.8975
00 271.460 270.833 0.8448 0.8450
00 271.460 270.621 0.8738 0.8763
00 271.460 270.257 0.9055 0.9109
00 271.460 270.333 0.8701 0.8744
00 271.460 270.821 0.8517 0.8520
00 271.460 270.576 0.8788 0.8818
00 271.460 270.298 0.9046 0.9096
00 271.460 270.489 0.8477 0.8508
00 271.460 270.826 0.8589 0.8592
00 271.460 270.561 0.8921 0.8952
00 271.460 270.390 0.9094 0.9135
00 271.460 270.564 0.8429 0.8459
00 271.460 270.841 0.8631 0.8633
00 271.460 270.552 0.8996 0.9028
00 271.460 270.548 0.9205 0.9238
00 271.460 270.630 0.8428 0.8453
00 271.460 270.859 0.8649 0.8648
00 271.460 270.550 0.9045 0.9077
00 271.460 270.606 0.9156 0.9182
00 271.461 270.704 0.8491 0.8508
00 271.770 271.146 0.8669 0.8666
00 271.460 270.566 0.9088 0.9118
00 271.460 270.634 0.9117 0.9140
00 271.820 271.078 0.8583 0.8592
00 272.052 271.401 0.8665 0.8661
00 271.460 270.581 0.9117 0.9146
00 271.460 270.662 0.9102 0.9122
00 272.729 271.911 0.8673 0.8691
00 272.311 271.639 0.8647 0.8655
00 271.479 270.607 0.9126 0.9154
00 271.460 270.688 0.9076 0.9093
00 273.321 272.426 0.8684 0.8701
00 272.683 271.977 0.8606 0.8612
00 272.526 271.585 0.9124 0.9158
00 271.659 270.882 0.9031 0.9047
00 272.828 271.983 0.8635 0.8655
00 272.699 272.005 0.8582 0.8587
00 272.763 271.813 0.9113 0.9146
00 272.955 272.084 0.9058 0.9080
00 272.647 271.826 0.8577 0.8596
00 272.625 271.972 0.8583 0.8585
00 272.773 271.825 0.9100 0.9132
00 272.856 271.997 0.9114 0.9136
00 272.690 271.864 0.8519 0.8538
00 272.862 272.213 0.8591 0.8588
00 273.026 272.064 0.9086 0.9117
00 273.059 272.190 0.9201 0.9222
00 271.460 270.454 0.9513 0.9551
00 271.460 270.795 0.8213 0.8219
00 271.460 270.436 0.8705 0.8737
00 271.460 270.249 0.9217 0.9274
00 271.460 270.235 0.9218 0.9277
00 271.460 270.925 0.8287 0.8279
00 271.460 270.545 0.8711 0.8742
00 271.460 270.280 0.9200 0.9254
00 271.460 270.213 0.8994 0.9052
00 271.460 270.931 0.8433 0.8424
00 271.460 270.610 0.8693 0.8719
00 271.460 270.317 0.9190 0.9239
00 271.460 270.294 0.8823 0.8871
00 271.460 270.944 0.8461 0.8451
00 271.460 270.671 0.8732 0.8752
00 271.460 270.394 0.9207 0.9248
00 271.460 270.430 0.8541 0.8572
00 271.460 270.969 0.8431 0.8419
00 271.460 270.677 0.8756 0.8775
00 271.460 270.510 0.9244 0.9278
00 271.460 270.538 0.8415 0.8445
00 271.460 271.004 0.8413 0.8397
00 271.460 270.658 0.8819 0.8840
00 271.460 270.598 0.9293 0.9320
00 271.460 270.564 0.8383 0.8413
00 271.464 271.026 0.8416 0.8398
00 271.460 270.643 0.8894 0.8917
00 271.460 270.619 0.9248 0.9273
00 271.460 270.600 0.8336 0.8363
00 271.736 271.273 0.8431 0.8410
00 271.460 270.641 0.8941 0.8963
00 271.460 270.620 0.9133 0.9158
00 271.501 270.700 0.8343 0.8363
00 272.085 271.584 0.8442 0.8436
00 271.460 270.640 0.8969 0.8992
00 271.460 270.651 0.9092 0.9113
00 271.894 271.116 0.8394 0.8405
00 272.121 271.627 0.8449 0.8442
00 271.492 270.671 0.8988 0.9011
00 271.460 270.678 0.9058 0.9076
00 272.659 271.842 0.8466 0.8484
00 272.400 271.894 0.8455 0.8445
00 272.264 271.373 0.8981 0.9002
00 271.500 270.726 0.9050 0.9067
00 272.869 272.066 0.8492 0.8506
00 272.770 272.220 0.8412 0.8399
00 273.107 272.142 0.8969 0.8999
00 273.001 272.122 0.9120 0.9143
00 272.989 272.207 0.8503 0.8512
00 272.893 272.330 0.8351 0.8338
00 273.223 272.227 0.8926 0.8957
00 273.008 272.127 0.9173 0.9196
00 273.198 272.388 0.8465 0.8474
00 272.843 272.304 0.8323 0.8308
00 273.244 272.204 0.8861 0.8897
00 273.297 272.398 0.9233 0.9256
00 271.460 270.407 0.9524 0.9567
00 271.460 270.586 0.9676 0.9705
00 271.460 270.538 0.9648 0.9682
00 271.460 270.303 0.9203 0.9254
00 271.460 270.397 0.9496 0.9540
00 271.460 270.592 0.9675 0.9702
00 271.460 270.538 0.9646 0.9679
00 271.460 270.279 0.9163 0.9216
00 271.460 270.357 0.9430 0.9477
00 271.460 270.600 0.9671 0.9698
00 271.460 270.540 0.9645 0.9678
00 271.460 270.264 0.9137 0.9192
00 271.460 270.287 0.9277 0.9330
00 271.460 270.608 0.9665 0.9691
00 271.460 270.533 0.9639 0.9672
00 271.460 270.268 0.9131 0.9185
00 271.460 270.252 0.9131 0.9187
00 271.460 270.600 0.9648 0.9675
00 271.460 270.521 0.9630 0.9665
00 271.460 270.291 0.9153 0.9205
00 271.460 270.254 0.9009 0.9064
00 271.460 270.593 0.9632 0.9659
00 271.460 270.521 0.9630 0.9665
00 271.460 270.333 0.9220 0.9268
00 271.460 270.293 0.8930 0.8979
00 271.460 270.596 0.9629 0.9656
00 271.460 270.530 0.9635 0.9669
00 271.460 270.367 0.9271 0.9315
00 271.460 270.348 0.8830 0.8872
00 271.460 270.576 0.9605 0.9634
00 271.460 270.543 0.9641 0.9674
00 271.460 270.419 0.9348 0.9387
00 271.460 270.472 0.8858 0.8890
00 271.460 270.520 0.9544 0.9579
00 271.460 270.549 0.9644 0.9676
00 271.460 270.456 0.9401 0.9437
00 271.460 270.598 0.8783 0.8810
00 271.460 270.472 0.9489 0.9524
00 271.460 270.548 0.9644 0.9676
00 271.460 270.494 0.9458 0.9493
00 271.460 270.656 0.8733 0.8754
00 271.466 270.446 0.9446 0.9484
00 271.460 270.534 0.9636 0.9670
00 271.460 270.532 0.9505 0.9539
00 271.520 270.729 0.8860 0.8879
00 271.670 270.585 0.9345 0.9395
00 271.460 270.524 0.9629 0.9664
00 271.460 270.553 0.9520 0.9552
00 271.784 270.972 0.8925 0.8943
00 271.735 270.546 0.9056 0.9115
00 271.461 270.521 0.9624 0.9659
00 271.460 270.577 0.9534 0.9563
00 272.022 271.210 0.8931 0.8946
00 271.475 270.415 0.9011 0.9049
00 271.543 270.591 0.9607 0.9643
00 271.502 270.639 0.9528 0.9555
00 272.310 271.487 0.8878 0.8895
00 271.926 270.921 0.8950 0.8987
00 272.062 271.094 0.9584 0.9619
00 271.866 271.016 0.9513 0.9537
00 272.649 271.797 0.8784 0.8807
00 272.310 271.326 0.8981 0.9012
00 272.317 271.337 0.9559 0.9594
00 272.540 271.641 0.9478 0.9508
00 273.484 272.524 0.8684 0.8716
00 273.017 272.006 0.9033 0.9070
00 273.385 272.374 0.9534 0.9571
00 273.303 272.350 0.9457 0.9488
00 273.625 272.616 0.8648 0.8687
00 273.087 272.081 0.9033 0.9068
00 273.678 272.664 0.9513 0.9553
00 273.801 272.821 0.9445 0.9480
00 271.460 270.427 0.9542 0.9583
00 271.460 270.586 0.9678 0.9706
00 271.460 270.534 0.9648 0.9682
00 271.460 270.283 0.9173 0.9226
00 271.460 270.430 0.9529 0.9569
00 271.460 270.594 0.9676 0.9703
00 271.460 270.546 0.9653 0.9685
00 271.460 270.306 0.9193 0.9244
00 271.460 270.411 0.9488 0.9530
00 271.460 270.591 0.9665 0.9693
00 271.460 270.553 0.9654 0.9685
00 271.460 270.301 0.9181 0.9232
00 271.460 270.388 0.9422 0.9466
00 271.460 270.596 0.9656 0.9683
00 271.460 270.554 0.9653 0.9684
00 271.460 270.291 0.9156 0.9208
00 271.460 270.331 0.9276 0.9325
00 271.460 270.582 0.9633 0.9661
00 271.460 270.548 0.9647 0.9679
00 271.460 270.309 0.9178 0.9228
00 271.460 270.258 0.9076 0.9131
00 271.460 270.592 0.9630 0.9658
00 271.460 270.550 0.9648 0.9680
00 271.460 270.336 0.9216 0.9264
00 271.460 270.241 0.8933 0.8988
00 271.460 270.587 0.9623 0.9651
00 271.460 270.558 0.9652 0.9683
00 271.460 270.358 0.9246 0.9292
00 271.460 270.271 0.8834 0.8884
00 271.460 270.560 0.9592 0.9623
00 271.460 270.563 0.9653 0.9684
00 271.460 270.393 0.9302 0.9345
00 271.460 270.357 0.8751 0.8792
00 271.460 270.508 0.9533 0.9568
00 271.460 270.565 0.9653 0.9683
00 271.460 270.499 0.9471 0.9506
00 271.460 270.494 0.8683 0.8715
00 271.460 270.475 0.9494 0.9529
00 271.460 270.565 0.9652 0.9682
00 271.460 270.531 0.9515 0.9549
00 271.460 270.623 0.8742 0.8767
00 271.500 270.486 0.9458 0.9497
00 271.460 270.557 0.9647 0.9678
00 271.460 270.548 0.9534 0.9566
00 271.578 270.799 0.8760 0.8777
00 271.776 270.719 0.9402 0.9448
00 271.460 270.550 0.9640 0.9672
00 271.460 270.558 0.9536 0.9568
00 271.898 271.118 0.8766 0.8778
00 271.796 270.627 0.9114 0.9171
00 271.535 270.616 0.9632 0.9664
00 271.463 270.573 0.9538 0.9568
00 272.348 271.541 0.8776 0.8796
00 272.013 270.913 0.9044 0.9091
00 271.672 270.744 0.9615 0.9648
00 271.811 270.926 0.9526 0.9554
00 272.879 272.015 0.8765 0.8786
00 272.486 271.430 0.8991 0.9027
00 273.202 272.223 0.9585 0.9620
00 272.747 271.868 0.9523 0.9549
00 273.393 272.463 0.8773 0.8797
00 272.759 271.754 0.9015 0.9053
00 273.587 272.582 0.9554 0.9594
00 273.416 272.506 0.9489 0.9518
00 273.543 272.567 0.8658 0.8695
00 273.075 272.092 0.9063 0.9096
00 273.703 272.674 0.9520 0.9561
00 273.664 272.710 0.9457 0.9491
00 273.902 272.841 0.8606 0.8647
00 273.373 272.396 0.9097 0.9126
00 274.177 273.116 0.9488 0.9529
00 273.907 272.914 0.9427 0.9463
00 271.460 270.433 0.9549 0.9589
00 271.460 270.590 0.9681 0.9708
00 271.460 270.500 0.9630 0.9665
00 271.460 270.285 0.9190 0.9243
00 271.460 270.443 0.9544 0.9583
00 271.460 270.595 0.9677 0.9704
00 271.460 270.516 0.9637 0.9673
00 271.460 270.290 0.9171 0.9223
00 271.460 270.444 0.9526 0.9565
00 271.460 270.583 0.9660 0.9688
00 271.460 270.530 0.9643 0.9677
00 271.460 270.298 0.9168 0.9219
00 271.460 270.436 0.9484 0.9523
00 271.460 270.578 0.9643 0.9672
00 271.460 270.541 0.9647 0.9680
00 271.460 270.314 0.9172 0.9221
00 271.460 270.408 0.9415 0.9457
00 271.460 270.573 0.9624 0.9653
00 271.460 270.548 0.9648 0.9680
00 271.460 270.329 0.9176 0.9224
00 271.460 270.317 0.9235 0.9285
00 271.460 270.590 0.9629 0.9656
00 271.460 270.559 0.9653 0.9684
00 271.460 270.343 0.9196 0.9243
00 271.460 270.244 0.9025 0.9080
00 271.460 270.578 0.9615 0.9644
00 271.460 270.570 0.9659 0.9688
00 271.460 270.352 0.9218 0.9264
00 271.460 270.240 0.8867 0.8922
00 271.460 270.546 0.9580 0.9612
00 271.460 270.574 0.9659 0.9689
00 271.460 270.358 0.9236 0.9281
00 271.460 270.314 0.8766 0.8811
00 271.460 270.501 0.9527 0.9562
00 271.460 270.574 0.9657 0.9687
00 271.460 270.431 0.9356 0.9395
00 271.460 270.475 0.8677 0.8708
00 271.476 270.496 0.9498 0.9534
00 271.460 270.576 0.9656 0.9685
00 271.460 270.554 0.9532 0.9564
00 271.486 270.655 0.8723 0.8747
00 271.692 270.683 0.9472 0.9513
00 271.460 270.576 0.9654 0.9683
00 271.460 270.575 0.9560 0.9590
00 271.753 270.963 0.8802 0.8818
00 271.731 270.708 0.9433 0.9476
00 271.460 270.573 0.9648 0.9677
00 271.460 270.569 0.9549 0.9579
00 271.860 271.075 0.8799 0.8813
00 271.716 270.586 0.9162 0.9216
00 271.610 270.709 0.9636 0.9666
00 271.580 270.677 0.9532 0.9562
00 271.961 271.144 0.8720 0.8735
00 271.861 270.793 0.9081 0.9126
00 272.062 271.125 0.9608 0.9640
00 271.940 271.042 0.9536 0.9564
00 272.412 271.519 0.8629 0.8655
00 272.062 271.052 0.9009 0.9045
00 272.197 271.217 0.9564 0.9600
00 272.261 271.372 0.9516 0.9541
00 272.969 272.012 0.8562 0.8591
00 272.430 271.465 0.9061 0.9090
00 272.279 271.255 0.9514 0.9553
00 272.872 271.987 0.9498 0.9524
00 273.527 272.501 0.8551 0.8585
00 272.761 271.805 0.9110 0.9144
00 272.992 271.888 0.9448 0.9496
00 273.494 272.582 0.9491 0.9521
00 274.117 272.984 0.8531 0.8575
00 273.181 272.223 0.9128 0.9157
00 273.365 272.167 0.9344 0.9399
00 273.827 272.880 0.9471 0.9503
00 271.460 270.432 0.9552 0.9592
00 271.460 270.588 0.9679 0.9707
00 271.460 270.450 0.9606 0.9645
00 271.460 270.282 0.9210 0.9264
00 271.460 270.446 0.9549 0.9588
00 271.460 270.585 0.9668 0.9696
00 271.460 270.481 0.9621 0.9657
00 271.460 270.287 0.9201 0.9254
00 271.460 270.456 0.9543 0.9581
00 271.460 270.576 0.9652 0.9681
00 271.460 270.503 0.9631 0.9667
00 271.460 270.281 0.9171 0.9225
00 271.460 270.468 0.9527 0.9564
00 271.460 270.570 0.9633 0.9663
00 271.460 270.518 0.9636 0.9671
00 271.460 270.286 0.9149 0.9201
00 271.460 270.454 0.9480 0.9517
00 271.460 270.565 0.9616 0.9646
00 271.460 270.533 0.9640 0.9674
00 271.460 270.300 0.9147 0.9198
00 271.460 270.409 0.9399 0.9440
00 271.460 270.583 0.9623 0.9651
00 271.460 270.548 0.9646 0.9679
00 271.460 270.321 0.9169 0.9218
00 271.460 270.317 0.9198 0.9247
00 271.460 270.568 0.9605 0.9636
00 271.460 270.564 0.9653 0.9684
00 271.460 270.332 0.9191 0.9239
00 271.460 270.237 0.8949 0.9005
00 271.460 270.534 0.9569 0.9602
00 271.460 270.570 0.9655 0.9685
00 271.460 270.347 0.9222 0.9268
00 271.460 270.254 0.8793 0.8846
00 271.460 270.505 0.9531 0.9566
00 271.460 270.578 0.9657 0.9686
00 271.460 270.372 0.9269 0.9313
00 271.460 270.330 0.8627 0.8669
00 271.636 270.650 0.9502 0.9541
00 271.460 270.582 0.9656 0.9684
00 271.460 270.431 0.9363 0.9402
00 271.541 270.528 0.8474 0.8512
00 271.811 270.813 0.9490 0.9530
00 271.460 270.576 0.9648 0.9678
00 271.460 270.556 0.9536 0.9567
00 271.864 270.922 0.8484 0.8514
00 271.739 270.746 0.9456 0.9495
00 271.460 270.558 0.9633 0.9664
00 271.460 270.570 0.9555 0.9585
00 272.038 271.094 0.8372 0.8398
00 271.825 270.739 0.9207 0.9255
00 271.559 270.628 0.9611 0.9645
00 271.590 270.677 0.9527 0.9559
00 272.374 271.436 0.8403 0.8425
00 272.072 271.035 0.9141 0.9181
00 272.253 271.263 0.9576 0.9612
00 272.039 271.123 0.9529 0.9559
00 272.774 271.868 0.8529 0.8556
00 272.271 271.289 0.9086 0.9118
00 272.478 271.405 0.9498 0.9541
00 272.229 271.328 0.9531 0.9557
00 273.248 272.307 0.8617 0.8640
00 272.752 271.778 0.9058 0.9093
00 272.756 271.566 0.9358 0.9417
00 272.594 271.711 0.9520 0.9548
00 274.256 273.150 0.8560 0.8599
00 273.474 272.490 0.9118 0.9151
00 273.276 271.917 0.9125 0.9196
00 273.341 272.447 0.9517 0.9541
00 274.249 273.072 0.8489 0.8535
00 273.726 272.773 0.9171 0.9204
00 273.631 272.228 0.9011 0.9083
00 274.226 273.291 0.9505 0.9533
00 271.460 270.457 0.9579 0.9617
00 271.460 270.571 0.9674 0.9704
00 271.460 270.415 0.9597 0.9640
00 271.460 270.375 0.9406 0.9451
00 271.460 270.432 0.9553 0.9594
00 271.460 270.545 0.9652 0.9685
00 271.460 270.423 0.9592 0.9633
00 271.460 270.252 0.9211 0.9268
00 271.460 270.442 0.9547 0.9587
00 271.460 270.543 0.9638 0.9671
00 271.460 270.460 0.9612 0.9650
00 271.460 270.252 0.9199 0.9256
00 271.460 270.470 0.9553 0.9589
00 271.460 270.563 0.9637 0.9668
00 271.460 270.489 0.9625 0.9660
00 271.460 270.280 0.9218 0.9272
00 271.460 270.496 0.9556 0.9592
00 271.460 270.560 0.9620 0.9651
00 271.460 270.507 0.9631 0.9667
00 271.460 270.323 0.9250 0.9299
00 271.460 270.494 0.9529 0.9564
00 271.460 270.569 0.9614 0.9645
00 271.460 270.524 0.9637 0.9671
00 271.460 270.361 0.9280 0.9326
00 271.460 270.461 0.9470 0.9506
00 271.460 270.574 0.9613 0.9643
00 271.460 270.543 0.9643 0.9676
00 271.460 270.377 0.9298 0.9342
00 271.460 270.417 0.9378 0.9419
00 271.460 270.560 0.9596 0.9627
00 271.460 270.561 0.9649 0.9680
00 271.460 270.365 0.9287 0.9332
00 271.460 270.302 0.9099 0.9149
00 271.460 270.529 0.9563 0.9597
00 271.460 270.574 0.9653 0.9683
00 271.460 270.356 0.9282 0.9329
00 271.460 270.283 0.8900 0.8950
00 271.464 270.515 0.9536 0.9571
00 271.460 270.579 0.9654 0.9683
00 271.460 270.363 0.9298 0.9343
00 271.460 270.317 0.8692 0.8736
00 271.748 270.771 0.9510 0.9548
00 271.460 270.569 0.9645 0.9675
00 271.460 270.377 0.9319 0.9363
00 271.526 270.461 0.8504 0.8541
00 271.859 270.894 0.9512 0.9548
00 271.460 270.545 0.9626 0.9659
00 271.460 270.457 0.9429 0.9466
00 271.790 270.774 0.8320 0.8359
00 271.838 270.883 0.9475 0.9510
00 271.460 270.516 0.9601 0.9637
00 271.460 270.528 0.9512 0.9547
00 272.087 271.150 0.8290 0.8314
00 271.862 270.803 0.9215 0.9260
00 271.464 270.469 0.9554 0.9590
00 271.548 270.627 0.9533 0.9566
00 272.428 271.579 0.8320 0.8346
00 272.049 271.035 0.9161 0.9199
00 272.066 270.951 0.9444 0.9495
00 272.137 271.195 0.9520 0.9552
00 273.017 272.143 0.8454 0.8473
00 272.486 271.501 0.9128 0.9163
00 272.797 271.446 0.9165 0.9232
00 272.848 271.910 0.9531 0.9563
00 273.907 272.892 0.8520 0.8555
00 273.020 272.035 0.9108 0.9142
00 273.345 271.922 0.8990 0.9066
00 273.631 272.701 0.9538 0.9569
00 274.133 273.100 0.8533 0.8566
00 273.446 272.464 0.9123 0.9153
00 273.764 272.344 0.8886 0.8956
00 274.082 273.156 0.9525 0.9553
00 274.349 273.216 0.8475 0.8515
00 274.041 273.045 0.9120 0.9154
00 274.384 272.975 0.8756 0.8827
00 274.798 273.855 0.9518 0.9549
00 271.460 270.513 0.9627 0.9663
00 271.460 270.440 0.9609 0.9649
00 271.460 270.265 0.9510 0.9569
00 271.460 270.428 0.9503 0.9544
00 271.460 270.500 0.9607 0.9643
00 271.460 270.513 0.9642 0.9678
00 271.460 270.363 0.9556 0.9604
00 271.460 270.411 0.9467 0.9509
00 271.460 270.485 0.9586 0.9621
00 271.460 270.561 0.9659 0.9690
00 271.460 270.376 0.9552 0.9599
00 271.460 270.343 0.9368 0.9417
00 271.460 270.476 0.9569 0.9605
00 271.460 270.544 0.9637 0.9670
00 271.460 270.455 0.9612 0.9651
00 271.460 270.233 0.9202 0.9261
00 271.460 270.477 0.9559 0.9594
00 271.460 270.561 0.9630 0.9661
00 271.460 270.488 0.9627 0.9663
00 271.460 270.231 0.9190 0.9249
00 271.460 270.495 0.9558 0.9594
00 271.460 270.560 0.9612 0.9643
00 271.460 270.512 0.9635 0.9671
00 271.460 270.273 0.9233 0.9287
00 271.460 270.516 0.9556 0.9591
00 271.460 270.571 0.9612 0.9641
00 271.460 270.532 0.9639 0.9673
00 271.460 270.350 0.9311 0.9358
00 271.460 270.506 0.9521 0.9557
00 271.460 270.564 0.9601 0.9631
00 271.460 270.552 0.9645 0.9677
00 271.460 270.426 0.9393 0.9432
00 271.460 270.466 0.9452 0.9488
00 271.460 270.557 0.9588 0.9620
00 271.460 270.566 0.9650 0.9680
00 271.460 270.476 0.9452 0.9487
00 271.460 270.417 0.9337 0.9377
00 271.460 270.532 0.9559 0.9593
00 271.460 270.570 0.9650 0.9679
00 271.460 270.478 0.9459 0.9494
00 271.460 270.309 0.9006 0.9055
00 271.541 270.599 0.9539 0.9574
00 271.460 270.556 0.9639 0.9670
00 271.460 270.510 0.9512 0.9547
00 271.491 270.338 0.8789 0.8835
00 271.803 270.849 0.9521 0.9556
00 271.460 270.531 0.9618 0.9652
00 271.460 270.503 0.9506 0.9541
00 271.843 270.700 0.8570 0.8622
00 271.827 270.904 0.9536 0.9567
00 271.468 270.501 0.9584 0.9620
00 271.460 270.473 0.9471 0.9507
00 272.015 270.950 0.8374 0.8414
00 271.909 270.984 0.9484 0.9515
00 271.593 270.534 0.9493 0.9540
00 271.460 270.487 0.9478 0.9513
00 272.160 271.194 0.8353 0.8380
00 271.910 270.895 0.9237 0.9277
00 271.582 270.363 0.9282 0.9340
00 271.473 270.543 0.9532 0.9566
00 272.374 271.461 0.8294 0.8315
00 272.072 271.101 0.9196 0.9230
00 271.551 270.278 0.9081 0.9142
00 271.868 270.949 0.9554 0.9585
00 272.814 271.799 0.8139 0.8176
00 272.336 271.370 0.9164 0.9194
00 271.935 270.683 0.8985 0.9049
00 272.069 271.160 0.9551 0.9580
00 273.533 272.348 0.8149 0.8189
00 272.823 271.816 0.9116 0.9155
00 272.167 270.948 0.8822 0.8878
00 272.391 271.496 0.9553 0.9580
00 274.281 273.060 0.8232 0.8281
00 273.412 272.330 0.9045 0.9085
00 273.226 272.009 0.8589 0.8642
00 273.284 272.393 0.9560 0.9585
00 274.416 273.357 0.8424 0.8454
00 273.698 272.494 0.8866 0.8918
00 274.023 272.806 0.8480 0.8534
00 274.140 273.231 0.9549 0.9575
00 271.460 270.554 0.9655 0.9687
00 271.460 270.561 0.9677 0.9708
00 271.460 270.230 0.9486 0.9548
00 271.460 270.516 0.9589 0.9625
00 271.460 270.546 0.9646 0.9678
00 271.460 270.523 0.9656 0.9691
00 271.460 270.268 0.9492 0.9550
00 271.460 270.510 0.9575 0.9610
00 271.460 270.545 0.9636 0.9668
00 271.460 270.557 0.9664 0.9695
00 271.460 270.340 0.9532 0.9583
00 271.460 270.487 0.9547 0.9583
00 271.460 270.547 0.9626 0.9659
00 271.460 270.585 0.9671 0.9700
00 271.460 270.360 0.9544 0.9592
00 271.460 270.449 0.9503 0.9541
00 271.460 270.536 0.9609 0.9642
00 271.460 270.571 0.9650 0.9680
00 271.460 270.477 0.9625 0.9661
00 271.460 270.359 0.9399 0.9446
00 271.460 270.512 0.9582 0.9618
00 271.460 270.554 0.9618 0.9650
00 271.460 270.504 0.9634 0.9670
00 271.460 270.238 0.9220 0.9278
00 271.460 270.498 0.9560 0.9596
00 271.460 270.558 0.9606 0.9637
00 271.460 270.526 0.9640 0.9675
00 271.460 270.230 0.9195 0.9255
00 271.460 270.508 0.9552 0.9587
00 271.460 270.569 0.9605 0.9635
00 271.460 270.541 0.9643 0.9676
00 271.460 270.250 0.9219 0.9276
00 271.460 270.529 0.9549 0.9584
00 271.460 270.557 0.9590 0.9621
00 271.460 270.550 0.9644 0.9676
00 271.460 270.293 0.9266 0.9318
00 271.460 270.510 0.9506 0.9542
00 271.460 270.557 0.9582 0.9613
00 271.460 270.556 0.9643 0.9674
00 271.460 270.386 0.9368 0.9412
00 271.460 270.464 0.9424 0.9459
00 271.518 270.597 0.9559 0.9592
00 271.460 270.543 0.9631 0.9664
00 271.460 270.471 0.9464 0.9499
00 271.502 270.369 0.9120 0.9167
00 271.904 270.967 0.9545 0.9578
00 271.460 270.516 0.9608 0.9644
00 271.460 270.520 0.9523 0.9558
00 271.792 270.576 0.8865 0.8926
00 271.684 270.764 0.9537 0.9569
00 271.460 270.461 0.9555 0.9592
00 271.460 270.539 0.9545 0.9578
00 272.141 270.905 0.8633 0.8691
00 271.863 270.965 0.9545 0.9574
00 271.598 270.479 0.9428 0.9477
00 271.466 270.545 0.9545 0.9578
00 272.341 271.166 0.8358 0.8404
00 272.218 271.297 0.9483 0.9511
00 272.116 270.831 0.9205 0.9272
00 271.510 270.600 0.9550 0.9582
00 272.488 271.417 0.8331 0.8363
00 272.365 271.360 0.9257 0.9292
00 272.216 270.952 0.9096 0.9159
00 272.049 271.159 0.9587 0.9614
00 272.512 271.545 0.8324 0.8357
00 272.470 271.466 0.9197 0.9231
00 272.157 270.912 0.8944 0.9005
00 271.878 271.019 0.9614 0.9639
00 272.563 271.606 0.8184 0.8220
00 272.499 271.485 0.9157 0.9193
00 272.194 271.065 0.8806 0.8853
00 272.139 271.282 0.9615 0.9639
00 273.013 271.957 0.8091 0.8128
00 272.790 271.708 0.9082 0.9129
00 272.725 271.647 0.8648 0.8694
00 272.773 271.904 0.9600 0.9626
00 273.808 272.611 0.8078 0.8133
00 273.561 272.322 0.8905 0.8958
00 273.520 272.355 0.8562 0.8604
00 273.508 272.628 0.9588 0.9614
00 274.129 272.964 0.8169 0.8214
00 273.787 272.448 0.8666 0.8725
00 273.859 272.699 0.8507 0.8558
00 273.776 272.900 0.9580 0.9605
00 271.460 270.570 0.9660 0.9690
00 271.460 270.562 0.9671 0.9701
00 271.460 270.253 0.9474 0.9534
00 271.460 270.533 0.9594 0.9628
00 271.460 270.576 0.9655 0.9684
00 271.460 270.575 0.9671 0.9700
00 271.460 270.273 0.9491 0.9548
00 271.460 270.526 0.9582 0.9616
00 271.460 270.580 0.9649 0.9677
00 271.460 270.592 0.9672 0.9699
00 271.460 270.452 0.9614 0.9653
00 271.460 270.510 0.9564 0.9599
00 271.460 270.574 0.9635 0.9664
00 271.460 270.567 0.9643 0.9673
00 271.460 270.494 0.9631 0.9667
00 271.460 270.480 0.9533 0.9568
00 271.460 270.561 0.9615 0.9646
00 271.460 270.547 0.9607 0.9639
00 271.460 270.518 0.9638 0.9674
00 271.460 270.415 0.9463 0.9504
00 271.460 270.531 0.9583 0.9617
00 271.460 270.559 0.9602 0.9633
00 271.460 270.533 0.9641 0.9675
00 271.460 270.315 0.9326 0.9377
00 271.460 270.513 0.9558 0.9594
00 271.460 270.565 0.9597 0.9628
00 271.460 270.549 0.9644 0.9676
00 271.460 270.253 0.9231 0.9288
00 271.460 270.525 0.9552 0.9587
00 271.460 270.553 0.9581 0.9612
00 271.460 270.549 0.9639 0.9671
00 271.460 270.261 0.9231 0.9287
00 271.460 270.542 0.9546 0.9579
00 271.460 270.557 0.9575 0.9607
00 271.460 270.535 0.9625 0.9659
00 271.460 270.302 0.9271 0.9323
00 271.460 270.502 0.9482 0.9517
00 271.579 270.665 0.9561 0.9593
00 271.460 270.498 0.9593 0.9629
00 271.460 270.345 0.9317 0.9364
00 271.463 270.424 0.9335 0.9375
00 271.823 270.901 0.9551 0.9583
00 271.460 270.431 0.9524 0.9565
00 271.460 270.401 0.9386 0.9428
00 271.705 270.458 0.8923 0.8979
00 271.900 270.997 0.9551 0.9580
00 271.462 270.287 0.9342 0.9397
00 271.465 270.467 0.9466 0.9502
00 272.107 270.824 0.8712 0.8776
00 272.079 271.189 0.9551 0.9577
00 271.788 270.546 0.9195 0.9260
00 271.694 270.737 0.9517 0.9553
00 272.628 271.395 0.8546 0.8594
00 272.361 271.446 0.9479 0.9506
00 272.139 270.901 0.9091 0.9152
00 272.116 271.191 0.9559 0.9589
00 272.928 271.732 0.8342 0.8396
00 272.612 271.609 0.9279 0.9319
00 272.518 271.282 0.8958 0.9014
00 272.647 271.749 0.9593 0.9622
00 272.799 271.686 0.8256 0.8304
00 272.960 271.922 0.9197 0.9237
00 272.777 271.658 0.8881 0.8930
00 272.775 271.905 0.9615 0.9640
00 273.312 272.160 0.8246 0.8288
00 273.432 272.312 0.9122 0.9166
00 273.183 272.088 0.8774 0.8815
00 272.868 272.015 0.9625 0.9649
00 273.681 272.513 0.8097 0.8143
00 273.452 272.240 0.8987 0.9040
00 273.242 272.111 0.8647 0.8691
00 273.105 272.261 0.9631 0.9652
00 273.512 272.416 0.8064 0.8095
00 273.499 272.191 0.8757 0.8817
00 273.161 272.050 0.8539 0.8581
00 273.306 272.465 0.9624 0.9644
00 274.091 272.900 0.8029 0.8077
00 273.974 272.628 0.8620 0.8689
00 273.423 272.336 0.8528 0.8563
00 273.502 272.660 0.9613 0.9635
00 271.460 270.578 0.9671 0.9700
00 271.460 270.578 0.9676 0.9705
00 271.460 270.246 0.9497 0.9558
00 271.460 270.545 0.9621 0.9654
00 271.460 270.583 0.9668 0.9697
00 271.460 270.576 0.9672 0.9701
00 271.460 270.250 0.9480 0.9540
00 271.460 270.544 0.9612 0.9644
00 271.460 270.592 0.9666 0.9694
00 271.460 270.585 0.9671 0.9699
00 271.460 270.350 0.9540 0.9589
00 271.460 270.542 0.9601 0.9634
00 271.460 270.598 0.9662 0.9689
00 271.460 270.591 0.9665 0.9693
00 271.460 270.448 0.9606 0.9645
00 271.460 270.538 0.9589 0.9623
00 271.460 270.603 0.9656 0.9682
00 271.460 270.537 0.9615 0.9649
00 271.460 270.501 0.9631 0.9667
00 271.460 270.525 0.9574 0.9609
00 271.460 270.594 0.9641 0.9669
00 271.460 270.545 0.9597 0.9629
00 271.460 270.519 0.9636 0.9671
00 271.460 270.505 0.9552 0.9587
00 271.460 270.578 0.9618 0.9647
00 271.460 270.555 0.9593 0.9625
00 271.460 270.540 0.9641 0.9674
00 271.460 270.476 0.9519 0.9554
00 271.460 270.546 0.9584 0.9616
00 271.460 270.557 0.9583 0.9615
00 271.460 270.545 0.9637 0.9670
00 271.460 270.431 0.9466 0.9505
00 271.460 270.528 0.9557 0.9592
00 271.460 270.552 0.9571 0.9603
00 271.460 270.530 0.9622 0.9656
00 271.460 270.388 0.9400 0.9444
00 271.460 270.546 0.9555 0.9588
00 271.460 270.557 0.9569 0.9601
00 271.460 270.491 0.9588 0.9623
00 271.460 270.361 0.9353 0.9399
00 271.460 270.531 0.9523 0.9557
00 271.584 270.675 0.9561 0.9593
00 271.460 270.419 0.9512 0.9553
00 271.460 270.376 0.9360 0.9405
00 271.477 270.465 0.9407 0.9444
00 271.969 271.053 0.9554 0.9584
00 271.460 270.284 0.9327 0.9381
00 271.460 270.392 0.9372 0.9415
00 271.951 270.706 0.9055 0.9119
00 272.003 271.118 0.9561 0.9588
00 271.612 270.404 0.9187 0.9242
00 271.461 270.420 0.9402 0.9442
00 272.249 270.925 0.8805 0.8872
00 272.138 271.263 0.9554 0.9578
00 272.023 270.840 0.9103 0.9159
00 271.638 270.615 0.9433 0.9477
00 272.693 271.391 0.8613 0.8669
00 272.550 271.642 0.9477 0.9507
00 272.361 271.222 0.9060 0.9108
00 272.222 271.202 0.9465 0.9504
00 273.038 271.787 0.8408 0.8467
00 272.757 271.779 0.9321 0.9357
00 272.639 271.571 0.8987 0.9033
00 272.275 271.274 0.9479 0.9516
00 272.928 271.748 0.8276 0.8329
00 272.875 271.830 0.9191 0.9233
00 272.614 271.617 0.8903 0.8942
00 272.401 271.415 0.9487 0.9521
00 273.074 271.925 0.8250 0.8296
00 272.981 271.858 0.9092 0.9141
00 272.692 271.642 0.8776 0.8820
00 272.557 271.587 0.9491 0.9528
00 273.415 272.256 0.8167 0.8206
00 273.521 272.248 0.8891 0.8948
00 273.033 271.923 0.8664 0.8708
00 272.973 272.008 0.9493 0.9527
00 273.432 272.299 0.8006 0.8042
00 273.651 272.327 0.8666 0.8725
00 273.183 272.069 0.8541 0.8583
00 273.340 272.386 0.9501 0.9532
00 273.440 272.348 0.8007 0.8037
00 273.748 272.497 0.8597 0.8653
00 273.320 272.246 0.8536 0.8572
00 273.353 272.415 0.9502 0.9531
00 271.460 270.580 0.9675 0.9704
00 271.460 270.565 0.9664 0.9694
00 271.460 270.298 0.9533 0.9588
00 271.460 270.553 0.9637 0.9669
00 271.460 270.605 0.9671 0.9697
00 271.460 270.541 0.9627 0.9660
00 271.460 270.487 0.9632 0.9668
00 271.460 270.550 0.9607 0.9639
00 271.460 270.615 0.9644 0.9669
00 271.460 270.542 0.9579 0.9612
00 271.460 270.551 0.9636 0.9668
00 271.460 270.523 0.9567 0.9602
00 271.460 270.587 0.9612 0.9640
00 271.460 270.554 0.9572 0.9603
00 271.460 270.544 0.9628 0.9661
00 271.460 270.528 0.9551 0.9586
00 271.460 270.547 0.9572 0.9605
00 271.460 270.551 0.9562 0.9594
00 271.460 270.506 0.9596 0.9631
00 271.460 270.507 0.9529 0.9565
00 271.460 270.532 0.9549 0.9583
00 271.460 270.557 0.9562 0.9594
00 271.460 270.436 0.9525 0.9565
00 271.460 270.492 0.9511 0.9546
00 271.460 270.546 0.9543 0.9576
00 271.597 270.692 0.9559 0.9590
00 271.460 270.334 0.9382 0.9431
00 271.460 270.489 0.9502 0.9538
00 271.579 270.598 0.9469 0.9508
00 271.858 270.959 0.9555 0.9584
00 271.494 270.329 0.9225 0.9277
00 271.463 270.494 0.9499 0.9535
00 272.049 270.915 0.9287 0.9339
00 272.075 271.205 0.9565 0.9590
00 271.906 270.746 0.9114 0.9169
00 271.665 270.696 0.9500 0.9538
00 272.281 270.951 0.8909 0.8977
00 272.196 271.339 0.9553 0.9575
00 272.056 270.960 0.9065 0.9112
00 271.963 270.988 0.9500 0.9536
00 272.591 271.255 0.8706 0.8769
00 272.493 271.604 0.9484 0.9513
00 272.419 271.386 0.9067 0.9102
00 272.268 271.287 0.9500 0.9535
00 273.057 271.756 0.8509 0.8574
00 272.892 271.929 0.9359 0.9392
00 272.351 271.386 0.9047 0.9076
00 272.259 271.282 0.9500 0.9535
00 273.375 272.095 0.8298 0.8353
00 273.094 272.011 0.9180 0.9224
00 272.766 271.758 0.8953 0.8992
00 272.690 271.700 0.9498 0.9536
00 273.663 272.412 0.8213 0.8258
00 273.552 272.329 0.9023 0.9075
00 273.069 271.976 0.8785 0.8829
00 273.043 272.045 0.9493 0.9530
00 273.551 272.359 0.8147 0.8187
00 273.743 272.412 0.8767 0.8826
00 273.242 272.114 0.8674 0.8717
00 273.254 272.248 0.9476 0.9513
00 273.554 272.414 0.8048 0.8082
00 273.768 272.477 0.8618 0.8676
00 273.350 272.210 0.8556 0.8598
00 273.479 272.466 0.9455 0.9490
00 274.031 272.861 0.7973 0.8020
00 274.074 272.824 0.8539 0.8596
00 273.552 272.415 0.8464 0.8502
00 273.988 272.954 0.9429 0.9469
00 271.460 270.606 0.9633 0.9659
00 271.460 270.550 0.9559 0.9591
00 271.460 270.531 0.9612 0.9646
00 271.460 270.577 0.9587 0.9616
00 271.460 270.572 0.9597 0.9627
00 271.460 270.550 0.9552 0.9584
00 271.460 270.474 0.9558 0.9594
00 271.460 270.555 0.9568 0.9599
00 271.460 270.531 0.9553 0.9587
00 271.460 270.560 0.9557 0.9588
00 271.460 270.397 0.9460 0.9503
00 271.460 270.543 0.9557 0.9590
00 271.460 270.537 0.9542 0.9576
00 271.841 270.936 0.9556 0.9586
00 271.460 270.315 0.9269 0.9319
00 271.460 270.539 0.9552 0.9585
00 271.561 270.624 0.9520 0.9554
00 272.150 271.257 0.9559 0.9585
00 271.520 270.396 0.9166 0.9213
00 271.463 270.544 0.9549 0.9582
00 272.081 270.989 0.9365 0.9413
00 272.350 271.485 0.9565 0.9588
00 271.968 270.835 0.9051 0.9102
00 271.929 271.001 0.9548 0.9580
00 272.412 271.139 0.9088 0.9150
00 272.369 271.523 0.9555 0.9580
00 272.248 271.186 0.9039 0.9079
00 272.141 271.211 0.9548 0.9578
00 272.798 271.413 0.8804 0.8870
00 272.805 271.917 0.9500 0.9527
00 272.363 271.411 0.9125 0.9152
00 272.333 271.402 0.9548 0.9577
00 273.000 271.659 0.8641 0.8711
00 273.038 272.043 0.9354 0.9390
00 272.375 271.475 0.9188 0.9212
00 272.448 271.518 0.9548 0.9581
00 273.000 271.749 0.8430 0.8490
00 273.187 272.060 0.9166 0.9213
00 272.689 271.735 0.9052 0.9085
00 272.565 271.632 0.9546 0.9579
00 273.058 271.878 0.8269 0.8319
00 273.267 272.014 0.8907 0.8966
00 272.797 271.761 0.8866 0.8906
00 272.533 271.596 0.9538 0.9572
00 273.390 272.235 0.8186 0.8226
00 273.517 272.219 0.8666 0.8724
00 273.193 272.062 0.8715 0.8760
00 272.778 271.823 0.9519 0.9553
00 273.759 272.594 0.8106 0.8159
00 273.767 272.526 0.8583 0.8640
00 273.530 272.353 0.8609 0.8653
00 273.150 272.181 0.9503 0.9537
00 274.039 272.902 0.8043 0.8086
00 274.039 272.814 0.8438 0.8493
00 274.107 272.876 0.8493 0.8547
00 273.758 272.767 0.9487 0.9524
