00 271.460 270.332 0.9293 0.9342
00 271.460 270.199 0.9102 0.9164
00 271.460 270.411 0.9539 0.9581
00 271.460 270.361 0.9077 0.9121
00 271.460 270.314 0.9251 0.9302
00 271.460 270.274 0.8971 0.9023
00 271.460 270.316 0.9443 0.9495
00 271.460 270.380 0.8866 0.8905
00 271.460 270.307 0.9221 0.9272
00 271.460 270.405 0.8897 0.8934
00 271.460 270.222 0.9324 0.9385
00 271.460 270.485 0.8720 0.8751
00 271.460 270.329 0.9239 0.9287
00 271.460 270.492 0.8887 0.8919
00 271.460 270.208 0.9258 0.9321
00 271.460 270.541 0.8648 0.8680
00 271.460 270.378 0.9269 0.9313
00 271.460 270.493 0.8920 0.8952
00 271.460 270.212 0.9200 0.9261
00 271.460 270.549 0.8599 0.8630
00 271.461 270.473 0.9357 0.9392
00 271.460 270.519 0.8973 0.9006
00 271.460 270.225 0.9127 0.9186
00 271.460 270.568 0.8580 0.8611
00 271.646 270.693 0.9404 0.9440
00 271.460 270.522 0.9043 0.9075
00 271.460 270.252 0.9046 0.9101
00 271.460 270.614 0.8582 0.8608
00 271.912 270.965 0.9408 0.9441
00 271.463 270.467 0.8958 0.8990
00 271.470 270.298 0.8972 0.9023
00 271.460 270.667 0.8556 0.8577
00 271.959 271.010 0.9399 0.9432
00 271.636 270.586 0.8713 0.8758
00 271.680 270.529 0.8888 0.8942
00 271.559 270.803 0.8533 0.8548
00 271.960 271.009 0.9399 0.9432
00 271.850 270.822 0.8573 0.8612
00 271.743 270.637 0.8781 0.8831
00 271.681 270.922 0.8502 0.8515
00 272.201 271.213 0.9364 0.9399
00 271.971 271.015 0.8672 0.8702
00 271.878 270.797 0.8773 0.8819
00 271.704 270.858 0.8341 0.8363
00 272.339 271.355 0.9347 0.9380
00 272.006 271.117 0.8781 0.8804
00 272.013 270.939 0.8772 0.8814
00 271.799 270.876 0.8158 0.8186
00 272.477 271.532 0.9355 0.9389
00 272.098 271.267 0.8884 0.8900
00 272.340 271.235 0.8715 0.8756
00 272.026 271.054 0.7991 0.8018
00 272.801 271.874 0.9378 0.9408
00 272.434 271.628 0.8996 0.9016
00 272.521 271.412 0.8657 0.8695
00 272.143 271.187 0.7975 0.7998
00 273.167 272.234 0.9387 0.9415
00 272.664 271.883 0.9055 0.9071
00 272.789 271.689 0.8628 0.8676
00 272.512 271.534 0.7951 0.7982
00 273.760 272.787 0.9376 0.9410
00 272.936 272.159 0.9074 0.9086
00 273.238 272.113 0.8627 0.8670
00 272.868 271.871 0.7897 0.7930
00 274.246 273.216 0.9330 0.9367
00 273.547 272.736 0.9070 0.9089
00 273.893 272.635 0.8621 0.8682
00 273.851 272.709 0.7847 0.7894
00 274.388 273.312 0.9287 0.9328
00 273.780 272.959 0.9057 0.9075
00 274.092 272.835 0.8837 0.8896
00 274.016 272.874 0.7848 0.7892
00 271.460 270.294 0.9245 0.9297
00 271.460 270.195 0.9132 0.9194
00 271.460 270.418 0.9544 0.9585
00 271.460 270.293 0.8947 0.8997
00 271.460 270.292 0.9201 0.9254
00 271.460 270.232 0.9024 0.9082
00 271.460 270.356 0.9484 0.9532
00 271.460 270.369 0.8771 0.8810
00 271.460 270.297 0.9162 0.9214
00 271.460 270.346 0.8914 0.8958
00 271.460 270.246 0.9351 0.9410
00 271.460 270.500 0.8621 0.8652
00 271.460 270.316 0.9187 0.9236
00 271.460 270.484 0.8901 0.8933
00 271.460 270.230 0.9284 0.9344
00 271.460 270.532 0.8579 0.8610
00 271.460 270.360 0.9247 0.9292
00 271.460 270.511 0.8933 0.8966
00 271.460 270.218 0.9221 0.9282
00 271.460 270.576 0.8568 0.8598
00 271.460 270.439 0.9323 0.9361
00 271.460 270.498 0.8934 0.8967
00 271.460 270.215 0.9147 0.9207
00 271.460 270.629 0.8576 0.8600
00 271.507 270.542 0.9389 0.9426
00 271.460 270.537 0.9036 0.9069
00 271.460 270.226 0.9067 0.9125
00 271.460 270.638 0.8502 0.8525
00 271.959 270.973 0.9377 0.9414
00 271.482 270.551 0.9114 0.9148
00 271.560 270.355 0.8994 0.9047
00 271.481 270.624 0.8369 0.8396
00 272.221 271.238 0.9383 0.9417
00 271.884 270.848 0.8944 0.8985
00 271.855 270.664 0.8913 0.8972
00 271.606 270.694 0.8232 0.8263
00 272.303 271.321 0.9388 0.9422
00 271.888 270.817 0.8690 0.8734
00 271.980 270.832 0.8820 0.8872
00 271.684 270.764 0.8108 0.8137
00 272.309 271.312 0.9363 0.9398
00 271.950 270.931 0.8628 0.8665
00 272.059 270.963 0.8789 0.8834
00 271.769 270.885 0.7997 0.8021
00 272.273 271.281 0.9329 0.9364
00 271.893 270.973 0.8707 0.8735
00 271.996 270.928 0.8807 0.8849
00 271.858 271.012 0.7882 0.7899
00 272.506 271.553 0.9335 0.9370
00 272.073 271.202 0.8788 0.8808
00 272.295 271.182 0.8754 0.8797
00 272.154 271.350 0.7865 0.7870
00 273.320 272.363 0.9362 0.9391
00 272.435 271.580 0.8845 0.8871
00 272.926 271.749 0.8696 0.8750
00 272.579 271.799 0.7872 0.7888
00 273.485 272.536 0.9387 0.9421
00 273.005 272.154 0.8900 0.8918
00 273.203 272.015 0.8645 0.8696
00 272.941 272.123 0.7828 0.7840
00 274.241 273.214 0.9330 0.9366
00 273.850 272.980 0.8966 0.8987
00 273.765 272.553 0.8623 0.8681
00 273.517 272.581 0.7770 0.7800
00 274.512 273.431 0.9296 0.9335
00 273.942 273.105 0.9038 0.9055
00 273.673 272.504 0.8567 0.8615
00 273.757 272.770 0.7788 0.7821
00 274.443 273.337 0.9269 0.9312
00 273.968 273.159 0.9082 0.9097
00 273.699 272.535 0.8559 0.8610
00 273.962 272.930 0.7815 0.7848
00 271.460 270.298 0.9218 0.9270
00 271.460 270.226 0.9198 0.9258
00 271.460 270.421 0.9543 0.9585
00 271.460 270.256 0.8899 0.8952
00 271.460 270.299 0.9160 0.9211
00 271.460 270.219 0.9107 0.9166
00 271.460 270.363 0.9485 0.9533
00 271.460 270.321 0.8767 0.8812
00 271.460 270.316 0.9191 0.9240
00 271.460 270.264 0.8965 0.9018
00 271.460 270.266 0.9367 0.9424
00 271.460 270.454 0.8618 0.8649
00 271.460 270.332 0.9199 0.9247
00 271.460 270.405 0.8890 0.8927
00 271.460 270.242 0.9292 0.9351
00 271.460 270.531 0.8608 0.8638
00 271.460 270.379 0.9268 0.9311
00 271.460 270.522 0.8918 0.8951
00 271.460 270.244 0.9256 0.9314
00 271.460 270.541 0.8540 0.8571
00 271.460 270.451 0.9351 0.9387
00 271.460 270.504 0.8923 0.8956
00 271.460 270.230 0.9179 0.9238
00 271.460 270.506 0.8382 0.8412
00 271.521 270.529 0.9365 0.9405
00 271.460 270.514 0.8960 0.8993
00 271.460 270.238 0.9113 0.9170
00 271.460 270.502 0.8243 0.8272
00 271.935 270.936 0.9371 0.9410
00 271.490 270.573 0.9063 0.9096
00 271.572 270.349 0.9029 0.9084
00 271.484 270.578 0.8137 0.8168
00 272.343 271.338 0.9380 0.9416
00 271.863 270.912 0.9120 0.9153
00 271.909 270.691 0.8949 0.9010
00 271.722 270.849 0.8007 0.8031
00 272.383 271.358 0.9353 0.9390
00 272.022 270.985 0.8950 0.8990
00 272.088 270.893 0.8823 0.8878
00 271.920 271.078 0.7874 0.7890
00 272.495 271.473 0.9345 0.9382
00 272.163 271.066 0.8707 0.8750
00 272.165 271.032 0.8752 0.8799
00 271.984 271.233 0.7835 0.7838
00 272.405 271.421 0.9342 0.9375
00 272.199 271.131 0.8638 0.8676
00 272.154 271.070 0.8759 0.8801
00 271.958 271.342 0.7912 0.7902
00 272.501 271.562 0.9354 0.9388
00 272.195 271.192 0.8690 0.8722
00 272.351 271.259 0.8785 0.8825
00 272.078 271.519 0.7967 0.7962
00 272.836 271.906 0.9374 0.9404
00 272.331 271.383 0.8739 0.8763
00 272.334 271.239 0.8786 0.8827
00 272.208 271.651 0.7986 0.7986
00 273.463 272.470 0.9329 0.9362
00 272.759 271.836 0.8788 0.8817
00 272.757 271.608 0.8752 0.8805
00 272.639 271.982 0.8016 0.8018
00 274.054 272.983 0.9272 0.9315
00 273.543 272.610 0.8837 0.8869
00 273.253 272.054 0.8706 0.8757
00 273.270 272.495 0.8021 0.8031
00 274.365 273.262 0.9259 0.9302
00 273.844 272.943 0.8913 0.8938
00 273.767 272.523 0.8652 0.8710
00 273.594 272.748 0.7991 0.8013
00 274.660 273.509 0.9232 0.9282
00 274.167 273.272 0.8969 0.8989
00 273.998 272.747 0.8613 0.8672
00 274.174 273.174 0.7917 0.7942
00 271.460 270.283 0.9143 0.9196
00 271.460 270.415 0.9426 0.9468
00 271.460 270.411 0.9536 0.9578
00 271.460 270.243 0.8870 0.8925
00 271.460 270.313 0.9182 0.9232
00 271.460 270.237 0.9187 0.9245
00 271.460 270.318 0.9433 0.9484
00 271.460 270.328 0.8780 0.8824
00 271.460 270.341 0.9251 0.9299
00 271.460 270.224 0.9056 0.9114
00 271.460 270.246 0.9331 0.9390
00 271.460 270.397 0.8572 0.8607
00 271.460 270.369 0.9273 0.9318
00 271.460 270.304 0.8927 0.8975
00 271.460 270.253 0.9290 0.9348
00 271.460 270.424 0.8440 0.8471
00 271.460 270.398 0.9309 0.9351
00 271.460 270.462 0.8871 0.8904
00 271.460 270.279 0.9302 0.9357
00 271.460 270.459 0.8324 0.8354
00 271.460 270.437 0.9343 0.9381
00 271.460 270.531 0.8961 0.8993
00 271.460 270.255 0.9228 0.9285
00 271.460 270.492 0.8198 0.8227
00 271.585 270.568 0.9346 0.9389
00 271.460 270.502 0.8929 0.8961
00 271.460 270.255 0.9153 0.9208
00 271.460 270.564 0.8090 0.8118
00 271.729 270.731 0.9369 0.9409
00 271.467 270.524 0.8969 0.9003
00 271.474 270.261 0.9068 0.9124
00 271.500 270.703 0.7967 0.7987
00 272.068 271.057 0.9364 0.9403
00 271.747 270.816 0.9069 0.9101
00 271.891 270.655 0.8975 0.9038
00 271.860 271.106 0.7838 0.7845
00 272.312 271.278 0.9342 0.9381
00 272.103 271.159 0.9132 0.9162
00 271.973 270.774 0.8858 0.8916
00 271.928 271.268 0.7892 0.7888
00 272.343 271.315 0.9325 0.9363
00 272.284 271.264 0.8992 0.9027
00 272.028 270.891 0.8783 0.8833
00 271.850 271.319 0.8011 0.7994
00 272.395 271.401 0.9325 0.9359
00 272.270 271.200 0.8798 0.8837
00 272.144 271.066 0.8785 0.8826
00 271.981 271.464 0.8146 0.8132
00 272.480 271.516 0.9321 0.9357
00 272.334 271.269 0.8708 0.8745
00 272.127 271.087 0.8769 0.8807
00 272.098 271.552 0.8231 0.8228
00 272.647 271.659 0.9282 0.9320
00 272.468 271.447 0.8739 0.8770
00 272.372 271.334 0.8772 0.8806
00 272.377 271.792 0.8277 0.8276
00 273.447 272.393 0.9251 0.9289
00 272.896 271.897 0.8786 0.8821
00 273.330 272.201 0.8794 0.8838
00 272.932 272.285 0.8262 0.8256
00 273.806 272.715 0.9225 0.9272
00 273.463 272.469 0.8805 0.8835
00 273.558 272.376 0.8770 0.8816
00 273.429 272.698 0.8164 0.8177
00 274.310 273.157 0.9196 0.9244
00 274.235 273.225 0.8851 0.8882
00 274.282 273.007 0.8754 0.8812
00 274.477 273.509 0.8040 0.8067
00 274.645 273.465 0.9180 0.9228
00 274.483 273.501 0.8930 0.8962
00 274.840 273.492 0.8740 0.8804
00 274.490 273.436 0.7976 0.8004
00 271.460 270.335 0.9131 0.9178
00 271.464 270.579 0.9583 0.9613
00 271.460 270.435 0.9556 0.9596
00 271.460 270.202 0.8984 0.9044
00 271.460 270.331 0.9131 0.9179
00 271.460 270.550 0.9551 0.9583
00 271.460 270.389 0.9507 0.9552
00 271.460 270.227 0.8836 0.8891
00 271.460 270.347 0.9261 0.9308
00 271.460 270.383 0.9381 0.9425
00 271.460 270.266 0.9374 0.9431
00 271.460 270.291 0.8617 0.8664
00 271.460 270.373 0.9302 0.9347
00 271.460 270.229 0.9154 0.9213
00 271.460 270.258 0.9318 0.9375
00 271.460 270.363 0.8458 0.8495
00 271.460 270.388 0.9309 0.9352
00 271.460 270.237 0.9000 0.9057
00 271.460 270.273 0.9273 0.9329
00 271.460 270.432 0.8351 0.8381
00 271.460 270.401 0.9321 0.9362
00 271.460 270.354 0.8897 0.8939
00 271.460 270.355 0.9381 0.9428
00 271.460 270.477 0.8212 0.8241
00 271.460 270.414 0.9320 0.9360
00 271.460 270.502 0.8909 0.8942
00 271.460 270.290 0.9282 0.9336
00 271.460 270.566 0.8049 0.8077
00 271.516 270.487 0.9333 0.9373
00 271.460 270.527 0.8977 0.9010
00 271.460 270.272 0.9194 0.9248
00 271.460 270.701 0.7896 0.7913
00 271.831 270.803 0.9341 0.9384
00 271.575 270.595 0.8915 0.8953
00 271.521 270.305 0.9073 0.9128
00 271.472 270.831 0.7782 0.7786
00 272.103 271.060 0.9329 0.9371
00 271.841 270.858 0.8962 0.8998
00 271.713 270.496 0.8991 0.9049
00 271.656 271.085 0.7764 0.7756
00 272.351 271.286 0.9309 0.9351
00 272.195 271.225 0.9051 0.9082
00 271.929 270.729 0.8852 0.8910
00 272.019 271.439 0.7946 0.7935
00 272.431 271.379 0.9307 0.9346
00 272.327 271.371 0.9089 0.9117
00 272.007 270.862 0.8843 0.8894
00 272.083 271.520 0.8222 0.8217
00 272.399 271.363 0.9277 0.9315
00 272.252 271.284 0.9032 0.9062
00 271.880 270.800 0.8865 0.8911
00 271.966 271.414 0.8387 0.8371
00 272.444 271.419 0.9248 0.9285
00 272.316 271.300 0.8911 0.8944
00 271.979 270.947 0.8873 0.8912
00 272.173 271.607 0.8440 0.8440
00 273.028 271.975 0.9232 0.9273
00 272.882 271.784 0.8773 0.8819
00 272.584 271.544 0.8867 0.8910
00 272.483 271.912 0.8415 0.8410
00 273.966 272.859 0.9219 0.9266
00 273.871 272.714 0.8775 0.8826
00 273.042 271.990 0.8848 0.8887
00 272.879 272.275 0.8327 0.8318
00 274.817 273.639 0.9198 0.9252
00 274.139 272.995 0.8781 0.8827
00 273.739 272.646 0.8852 0.8899
00 273.439 272.734 0.8215 0.8225
00 274.794 273.620 0.9187 0.9241
00 274.219 273.100 0.8784 0.8827
00 274.160 273.057 0.8867 0.8910
00 273.910 273.055 0.8131 0.8147
00 275.060 273.869 0.9163 0.9217
00 274.338 273.267 0.8878 0.8914
00 274.578 273.442 0.8865 0.8905
00 274.503 273.445 0.8061 0.8090
00 271.460 270.314 0.9110 0.9158
00 271.460 270.581 0.9596 0.9624
00 271.460 270.430 0.9571 0.9611
00 271.460 270.177 0.9120 0.9184
00 271.460 270.330 0.9065 0.9112
00 271.465 270.584 0.9582 0.9611
00 271.460 270.434 0.9549 0.9589
00 271.460 270.171 0.8907 0.8970
00 271.460 270.323 0.9203 0.9252
00 271.460 270.563 0.9561 0.9592
00 271.460 270.273 0.9384 0.9440
00 271.460 270.212 0.8739 0.8795
00 271.460 270.416 0.9368 0.9409
00 271.460 270.546 0.9545 0.9577
00 271.460 270.271 0.9356 0.9412
00 271.460 270.306 0.8521 0.8565
00 271.460 270.450 0.9409 0.9446
00 271.460 270.376 0.9355 0.9400
00 271.460 270.272 0.9300 0.9355
00 271.460 270.366 0.8388 0.8424
00 271.460 270.441 0.9381 0.9419
00 271.460 270.228 0.9101 0.9159
00 271.460 270.297 0.9264 0.9316
00 271.460 270.440 0.8244 0.8274
00 271.460 270.397 0.9316 0.9358
00 271.460 270.267 0.8960 0.9012
00 271.460 270.340 0.9319 0.9367
00 271.460 270.551 0.8045 0.8074
00 271.460 270.407 0.9313 0.9354
00 271.460 270.398 0.8861 0.8899
00 271.460 270.365 0.9362 0.9408
00 271.460 270.703 0.7892 0.7909
00 271.750 270.691 0.9312 0.9358
00 271.509 270.564 0.8934 0.8970
00 271.460 270.319 0.9261 0.9311
00 271.460 270.831 0.7800 0.7803
00 272.136 271.075 0.9319 0.9362
00 271.879 270.895 0.8970 0.9006
00 271.737 270.551 0.9141 0.9201
00 271.608 271.028 0.7742 0.7736
00 272.479 271.391 0.9298 0.9341
00 272.248 271.201 0.8932 0.8970
00 271.986 270.776 0.9028 0.9088
00 271.997 271.390 0.7838 0.7826
00 272.528 271.432 0.9285 0.9328
00 272.419 271.385 0.8975 0.9010
00 272.024 270.846 0.8911 0.8965
00 271.988 271.396 0.8135 0.8122
00 272.583 271.489 0.9273 0.9318
00 272.520 271.518 0.9032 0.9069
00 272.063 270.939 0.8955 0.9004
00 272.070 271.491 0.8346 0.8340
00 272.732 271.643 0.9252 0.9300
00 272.584 271.609 0.9063 0.9100
00 272.159 271.052 0.9010 0.9056
00 272.180 271.608 0.8496 0.8497
00 272.736 271.672 0.9232 0.9277
00 272.625 271.662 0.9072 0.9107
00 272.240 271.167 0.9043 0.9085
00 272.380 271.802 0.8546 0.8543
00 272.714 271.669 0.9223 0.9266
00 272.369 271.408 0.9017 0.9045
00 272.413 271.377 0.9059 0.9094
00 272.485 271.916 0.8507 0.8502
00 273.219 272.138 0.9203 0.9245
00 272.597 271.568 0.8897 0.8940
00 272.396 271.408 0.9025 0.9056
00 272.703 272.120 0.8430 0.8423
00 273.770 272.651 0.9169 0.9219
00 272.999 271.924 0.8808 0.8851
00 272.616 271.640 0.8943 0.8980
00 273.392 272.692 0.8341 0.8351
00 274.479 273.359 0.9214 0.9258
00 273.782 272.652 0.8773 0.8823
00 273.712 272.686 0.8942 0.8982
00 273.923 273.083 0.8252 0.8267
00 274.938 273.847 0.9282 0.9327
00 274.255 273.113 0.8801 0.8845
00 274.223 273.194 0.8981 0.9015
00 274.160 273.183 0.8169 0.8193
00 271.460 270.281 0.9164 0.9217
00 271.460 270.590 0.9605 0.9633
00 271.460 270.453 0.9582 0.9621
00 271.460 270.130 0.9114 0.9183
00 271.460 270.336 0.9104 0.9150
00 271.460 270.572 0.9580 0.9609
00 271.460 270.433 0.9557 0.9598
00 271.460 270.156 0.8986 0.9051
00 271.460 270.312 0.9087 0.9136
00 271.460 270.558 0.9555 0.9586
00 271.460 270.357 0.9468 0.9515
00 271.460 270.178 0.8793 0.8854
00 271.460 270.318 0.9181 0.9230
00 271.460 270.557 0.9547 0.9578
00 271.460 270.274 0.9363 0.9419
00 271.460 270.239 0.8538 0.8590
00 271.460 270.410 0.9360 0.9401
00 271.460 270.571 0.9562 0.9592
00 271.460 270.299 0.9346 0.9399
00 271.460 270.317 0.8454 0.8496
00 271.460 270.465 0.9425 0.9461
00 271.460 270.535 0.9518 0.9552
00 271.460 270.311 0.9309 0.9361
00 271.460 270.379 0.8303 0.8337
00 271.460 270.460 0.9408 0.9444
00 271.460 270.333 0.9253 0.9302
00 271.460 270.327 0.9283 0.9333
00 271.460 270.491 0.8162 0.8191
00 271.460 270.423 0.9337 0.9376
00 271.460 270.242 0.9052 0.9109
00 271.460 270.366 0.9326 0.9371
00 271.460 270.644 0.7994 0.8017
00 271.461 270.407 0.9300 0.9341
00 271.460 270.302 0.8917 0.8965
00 271.460 270.390 0.9371 0.9414
00 271.460 270.779 0.7845 0.7854
00 271.771 270.708 0.9300 0.9346
00 271.482 270.455 0.8855 0.8889
00 271.460 270.397 0.9365 0.9407
00 271.460 270.898 0.7788 0.7784
00 272.175 271.098 0.9295 0.9340
00 271.826 270.850 0.8937 0.8972
00 271.644 270.528 0.9243 0.9295
00 271.637 271.103 0.7794 0.7783
00 272.415 271.325 0.9281 0.9325
00 272.229 271.226 0.9001 0.9035
00 272.102 270.939 0.9150 0.9204
00 271.822 271.268 0.8001 0.7987
00 272.783 271.667 0.9264 0.9315
00 272.362 271.333 0.8989 0.9024
00 272.195 271.043 0.9092 0.9143
00 271.971 271.398 0.8224 0.8210
00 272.769 271.664 0.9255 0.9304
00 272.543 271.524 0.9011 0.9051
00 272.355 271.236 0.9053 0.9098
00 272.112 271.534 0.8404 0.8401
00 272.949 271.860 0.9244 0.9290
00 272.792 271.776 0.9025 0.9064
00 272.391 271.319 0.9103 0.9144
00 272.315 271.711 0.8566 0.8568
00 273.257 272.185 0.9242 0.9283
00 273.102 272.091 0.9052 0.9088
00 272.638 271.606 0.9215 0.9258
00 272.719 272.069 0.8642 0.8642
00 273.330 272.264 0.9243 0.9283
00 273.188 272.211 0.9099 0.9130
00 272.698 271.708 0.9297 0.9335
00 272.950 272.295 0.8607 0.8604
00 273.346 272.289 0.9250 0.9289
00 273.222 272.264 0.9116 0.9145
00 272.584 271.606 0.9285 0.9322
00 272.895 272.266 0.8524 0.8519
00 273.591 272.561 0.9307 0.9349
00 273.487 272.474 0.9032 0.9066
00 273.400 272.372 0.9224 0.9260
00 273.286 272.599 0.8428 0.8438
00 274.372 273.314 0.9310 0.9348
00 274.200 273.097 0.8946 0.8988
00 274.058 273.001 0.9168 0.9208
00 274.017 273.174 0.8312 0.8326
00 274.831 273.652 0.9152 0.9207
00 274.589 273.458 0.8915 0.8956
00 274.182 273.124 0.9106 0.9145
00 274.219 273.252 0.8224 0.8247
00 271.460 270.323 0.9104 0.9152
00 271.460 270.573 0.9561 0.9591
00 271.460 270.454 0.9561 0.9599
00 271.460 270.159 0.8892 0.8956
00 271.460 270.343 0.9133 0.9179
00 271.460 270.562 0.9549 0.9580
00 271.460 270.364 0.9457 0.9504
00 271.460 270.216 0.8693 0.8749
00 271.460 270.319 0.9102 0.9151
00 271.460 270.562 0.9542 0.9573
00 271.460 270.316 0.9383 0.9434
00 271.460 270.260 0.8575 0.8624
00 271.460 270.337 0.9218 0.9266
00 271.460 270.577 0.9558 0.9587
00 271.460 270.327 0.9351 0.9401
00 271.460 270.304 0.8422 0.8465
00 271.460 270.411 0.9359 0.9400
00 271.460 270.584 0.9564 0.9592
00 271.460 270.346 0.9339 0.9386
00 271.460 270.378 0.8252 0.8285
00 271.460 270.422 0.9359 0.9398
00 271.460 270.526 0.9487 0.9522
00 271.460 270.357 0.9301 0.9347
00 271.460 270.476 0.8127 0.8156
00 271.460 270.405 0.9312 0.9353
00 271.460 270.311 0.9179 0.9229
00 271.460 270.421 0.9379 0.9419
00 271.460 270.631 0.7997 0.8022
00 271.461 270.419 0.9302 0.9341
00 271.460 270.256 0.8995 0.9049
00 271.460 270.395 0.9350 0.9392
00 271.460 270.772 0.7858 0.7868
00 271.677 270.633 0.9299 0.9344
00 271.481 270.361 0.8891 0.8934
00 271.460 270.419 0.9389 0.9429
00 271.460 270.837 0.7809 0.7812
00 271.893 270.840 0.9283 0.9328
00 272.100 271.027 0.8844 0.8886
00 271.588 270.535 0.9354 0.9401
00 271.545 270.945 0.7888 0.7886
00 272.119 271.061 0.9274 0.9317
00 272.243 271.240 0.8942 0.8975
00 272.088 270.987 0.9264 0.9312
00 271.794 271.208 0.8097 0.8088
00 272.685 271.609 0.9271 0.9318
00 272.557 271.545 0.9031 0.9073
00 272.460 271.343 0.9221 0.9266
00 272.095 271.484 0.8279 0.8274
00 272.896 271.817 0.9242 0.9287
00 272.756 271.737 0.9036 0.9076
00 272.659 271.569 0.9211 0.9259
00 272.458 271.814 0.8371 0.8375
00 273.152 272.076 0.9215 0.9258
00 273.050 272.038 0.9054 0.9090
00 272.698 271.666 0.9256 0.9298
00 272.486 271.845 0.8549 0.8552
00 273.270 272.229 0.9261 0.9299
00 273.214 272.215 0.9068 0.9101
00 272.916 271.902 0.9294 0.9333
00 272.859 272.174 0.8663 0.8664
00 273.799 272.738 0.9293 0.9337
00 273.463 272.465 0.9077 0.9109
00 273.281 272.296 0.9356 0.9389
00 272.999 272.321 0.8648 0.8647
00 273.789 272.741 0.9300 0.9342
00 273.716 272.739 0.9124 0.9159
00 273.519 272.551 0.9373 0.9409
00 273.231 272.554 0.8580 0.8588
00 274.084 272.962 0.9191 0.9238
00 273.943 272.965 0.9132 0.9165
00 273.674 272.714 0.9357 0.9391
00 273.753 273.013 0.8510 0.8518
00 274.382 273.229 0.9150 0.9197
00 274.120 273.149 0.9144 0.9174
00 273.728 272.760 0.9311 0.9345
00 273.824 273.035 0.8422 0.8434
00 274.437 273.288 0.9118 0.9164
00 274.237 273.262 0.9119 0.9149
00 274.098 273.134 0.9337 0.9368
00 274.252 273.317 0.8299 0.8318
00 271.465 270.286 0.9157 0.9210
00 271.460 270.577 0.9564 0.9594
00 271.460 270.490 0.9588 0.9623
00 271.460 270.145 0.9066 0.9133
00 271.460 270.336 0.9157 0.9204
00 271.460 270.577 0.9562 0.9592
00 271.460 270.466 0.9557 0.9594
00 271.460 270.154 0.8893 0.8958
00 271.460 270.348 0.9150 0.9196
00 271.460 270.577 0.9560 0.9589
00 271.460 270.410 0.9483 0.9526
00 271.460 270.198 0.8674 0.8731
00 271.460 270.358 0.9154 0.9198
00 271.460 270.568 0.9543 0.9573
00 271.460 270.361 0.9412 0.9459
00 271.460 270.240 0.8591 0.8643
00 271.460 270.335 0.9143 0.9190
00 271.460 270.580 0.9548 0.9577
00 271.460 270.443 0.9475 0.9513
00 271.460 270.258 0.8548 0.8597
00 271.460 270.332 0.9187 0.9234
00 271.460 270.589 0.9556 0.9584
00 271.460 270.395 0.9400 0.9443
00 271.460 270.356 0.8389 0.8426
00 271.460 270.363 0.9272 0.9318
00 271.460 270.584 0.9544 0.9573
00 271.460 270.375 0.9308 0.9353
00 271.460 270.445 0.8186 0.8215
00 271.460 270.367 0.9272 0.9317
00 271.460 270.478 0.9396 0.9431
00 271.460 270.413 0.9335 0.9376
00 271.460 270.578 0.8077 0.8106
00 271.460 270.369 0.9241 0.9285
00 271.460 270.280 0.9105 0.9157
00 271.460 270.449 0.9389 0.9426
00 271.460 270.688 0.7884 0.7903
00 271.627 270.561 0.9249 0.9297
00 271.504 270.317 0.8951 0.9002
00 271.460 270.446 0.9394 0.9431
00 271.460 270.764 0.7915 0.7926
00 272.097 271.033 0.9259 0.9302
00 272.193 271.029 0.8862 0.8913
00 271.676 270.666 0.9412 0.9454
00 271.539 270.881 0.8081 0.8085
00 272.388 271.346 0.9290 0.9329
00 272.256 271.171 0.8841 0.8883
00 272.147 271.100 0.9362 0.9405
00 271.864 271.213 0.8229 0.8226
00 272.627 271.602 0.9299 0.9341
00 272.385 271.370 0.8926 0.8958
00 272.351 271.262 0.9261 0.9305
00 272.116 271.457 0.8308 0.8306
00 272.950 271.946 0.9334 0.9371
00 272.753 271.738 0.9028 0.9067
00 272.439 271.384 0.9241 0.9280
00 272.265 271.605 0.8371 0.8379
00 273.425 272.398 0.9312 0.9348
00 273.147 272.127 0.9062 0.9098
00 272.965 271.969 0.9328 0.9365
00 272.776 272.070 0.8485 0.8490
00 273.748 272.685 0.9274 0.9318
00 273.368 272.356 0.9087 0.9119
00 273.415 272.437 0.9388 0.9420
00 273.135 272.405 0.8618 0.8620
00 273.671 272.571 0.9193 0.9242
00 273.208 272.215 0.9065 0.9098
00 273.110 272.175 0.9416 0.9445
00 273.090 272.394 0.8681 0.8680
00 274.058 272.903 0.9129 0.9180
00 273.595 272.574 0.9037 0.9078
00 273.227 272.276 0.9358 0.9388
00 273.172 272.497 0.8682 0.8685
00 274.140 273.005 0.9114 0.9161
00 273.819 272.805 0.9037 0.9074
00 273.541 272.501 0.9157 0.9197
00 273.558 272.848 0.8648 0.8656
00 274.389 273.297 0.9182 0.9223
00 273.922 272.937 0.9066 0.9100
00 273.697 272.628 0.9044 0.9089
00 273.740 272.988 0.8569 0.8579
00 274.762 273.666 0.9180 0.9227
00 274.461 273.443 0.9061 0.9092
00 274.153 273.093 0.9063 0.9102
00 274.002 273.144 0.8432 0.8448
00 271.470 270.344 0.9200 0.9247
00 271.488 270.594 0.9551 0.9581
00 271.462 270.489 0.9583 0.9619
00 271.460 270.141 0.9057 0.9125
00 271.460 270.346 0.9147 0.9193
00 271.460 270.553 0.9512 0.9544
00 271.460 270.413 0.9468 0.9509
00 271.460 270.228 0.8668 0.8722
00 271.460 270.320 0.9131 0.9179
00 271.460 270.601 0.9550 0.9577
00 271.460 270.453 0.9401 0.9438
00 271.460 270.369 0.8356 0.8391
00 271.460 270.314 0.9121 0.9170
00 271.460 270.558 0.9482 0.9514
00 271.460 270.425 0.9343 0.9382
00 271.460 270.491 0.8136 0.8165
00 271.460 270.316 0.9121 0.9170
00 271.460 270.455 0.9329 0.9365
00 271.460 270.424 0.9327 0.9366
00 271.460 270.620 0.8112 0.8137
00 271.609 270.477 0.9133 0.9181
00 271.559 270.357 0.9024 0.9077
00 271.460 270.476 0.9407 0.9442
00 271.460 270.723 0.8166 0.8180
00 272.231 271.100 0.9165 0.9214
00 272.264 271.041 0.8890 0.8947
00 271.679 270.693 0.9430 0.9469
00 271.621 270.934 0.8247 0.8253
00 272.584 271.476 0.9192 0.9237
00 272.540 271.360 0.8888 0.8936
00 272.158 271.150 0.9417 0.9456
00 272.019 271.309 0.8320 0.8321
00 272.814 271.741 0.9229 0.9275
00 272.771 271.633 0.8800 0.8852
00 272.304 271.247 0.9329 0.9370
00 272.092 271.390 0.8357 0.8356
00 273.008 271.939 0.9228 0.9272
00 272.885 271.818 0.8889 0.8932
00 272.566 271.475 0.9238 0.9281
00 272.301 271.589 0.8392 0.8405
00 273.619 272.492 0.9173 0.9219
00 273.218 272.182 0.8995 0.9032
00 272.838 271.790 0.9248 0.9291
00 272.529 271.823 0.8466 0.8474
00 273.737 272.581 0.9114 0.9168
00 273.460 272.430 0.9058 0.9091
00 273.216 272.217 0.9337 0.9372
00 273.031 272.300 0.8594 0.8597
00 273.695 272.568 0.9110 0.9161
00 273.272 272.263 0.9080 0.9114
00 273.173 272.214 0.9381 0.9412
00 272.966 272.286 0.8720 0.8719
00 273.797 272.733 0.9166 0.9209
00 273.363 272.348 0.9050 0.9083
00 273.240 272.292 0.9367 0.9397
00 273.547 272.827 0.8761 0.8771
00 274.324 273.276 0.9210 0.9247
00 273.827 272.757 0.8990 0.9033
00 273.705 272.669 0.9214 0.9256
00 273.896 273.149 0.8746 0.8754
00 274.631 273.591 0.9242 0.9283
00 274.197 273.104 0.8981 0.9023
00 274.029 272.978 0.9179 0.9220
00 273.789 273.047 0.8678 0.8686
00 274.902 273.840 0.9227 0.9268
00 274.489 273.383 0.8974 0.9013
00 273.965 272.922 0.9142 0.9181
00 273.881 273.097 0.8579 0.8590
00 271.460 270.327 0.9101 0.9149
00 271.460 270.599 0.9506 0.9533
00 271.460 270.421 0.9336 0.9376
00 271.460 270.421 0.8295 0.8325
00 271.460 270.326 0.9100 0.9148
00 271.460 270.547 0.9431 0.9463
00 271.460 270.440 0.9340 0.9377
00 271.460 270.557 0.8299 0.8328
00 271.651 270.518 0.9113 0.9165
00 271.617 270.539 0.9177 0.9226
00 271.460 270.442 0.9333 0.9370
00 271.460 270.681 0.8335 0.8354
00 271.934 270.812 0.9130 0.9181
00 272.142 270.906 0.8919 0.8979
00 271.692 270.709 0.9398 0.9436
00 271.629 270.916 0.8393 0.8401
00 272.470 271.319 0.9117 0.9166
00 272.528 271.315 0.8894 0.8946
00 272.009 271.021 0.9415 0.9452
00 272.072 271.339 0.8452 0.8454
00 272.901 271.734 0.9104 0.9159
00 272.911 271.700 0.8874 0.8932
00 272.622 271.591 0.9387 0.9430
00 272.558 271.771 0.8487 0.8504
00 273.041 271.891 0.9100 0.9151
00 273.139 271.980 0.8804 0.8854
00 272.881 271.797 0.9300 0.9346
00 272.795 271.988 0.8508 0.8524
00 273.687 272.532 0.9110 0.9163
00 273.514 272.383 0.8825 0.8867
00 273.105 272.017 0.9240 0.9284
00 273.000 272.201 0.8487 0.8498
00 273.788 272.699 0.9161 0.9207
00 273.638 272.553 0.8934 0.8981
00 273.141 272.095 0.9270 0.9311
00 273.040 272.287 0.8537 0.8542
00 274.032 272.973 0.9167 0.9208
00 273.688 272.643 0.9037 0.9079
00 273.232 272.216 0.9302 0.9339
00 273.054 272.341 0.8668 0.8669
00 274.089 273.083 0.9233 0.9268
00 273.539 272.523 0.9084 0.9123
00 273.418 272.414 0.9305 0.9339
00 273.483 272.746 0.8738 0.8750
00 274.256 273.252 0.9247 0.9280
00 273.898 272.855 0.9077 0.9117
00 273.691 272.698 0.9316 0.9353
00 273.766 273.016 0.8757 0.8767
00 274.404 273.365 0.9191 0.9226
00 273.872 272.819 0.9039 0.9080
00 273.783 272.809 0.9322 0.9356
00 273.887 273.131 0.8739 0.8747
00 274.525 273.451 0.9139 0.9177
00 274.120 273.047 0.9007 0.9047
00 273.881 272.882 0.9242 0.9278
00 274.014 273.250 0.8706 0.8713
00 271.460 270.424 0.9416 0.9456
00 271.459 270.545 0.9606 0.9638
00 271.460 270.583 0.9614 0.9643
00 271.460 270.578 0.8406 0.8436
00 271.460 270.363 0.9341 0.9387
00 271.459 270.523 0.9590 0.9625
00 271.460 270.553 0.9575 0.9607
00 271.460 270.571 0.8407 0.8437
00 271.460 270.360 0.9329 0.9375
00 271.459 270.500 0.9577 0.9612
00 271.460 270.525 0.9549 0.9584
00 271.460 270.575 0.8443 0.8473
00 271.460 270.381 0.9345 0.9389
00 271.459 270.477 0.9565 0.9600
00 271.460 270.506 0.9537 0.9572
00 271.460 270.575 0.8452 0.8483
00 271.460 270.409 0.9370 0.9411
00 271.459 270.467 0.9561 0.9598
00 271.460 270.472 0.9498 0.9534
00 271.460 270.573 0.8468 0.8499
00 271.460 270.408 0.9361 0.9402
00 271.459 270.459 0.9551 0.9588
00 271.460 270.477 0.9498 0.9534
00 271.460 270.562 0.8502 0.8532
00 271.460 270.407 0.9347 0.9388
00 271.459 270.456 0.9544 0.9582
00 271.460 270.516 0.9534 0.9569
00 271.460 270.553 0.8549 0.8580
00 271.460 270.425 0.9350 0.9390
00 271.459 270.461 0.9541 0.9578
00 271.460 270.534 0.9537 0.9571
00 271.460 270.531 0.8625 0.8656
00 271.460 270.447 0.9358 0.9394
00 271.459 270.467 0.9535 0.9571
00 271.460 270.544 0.9516 0.9549
00 271.460 270.533 0.8754 0.8786
00 271.460 270.470 0.9369 0.9404
00 271.459 270.470 0.9518 0.9554
00 271.460 270.543 0.9448 0.9481
00 271.460 270.567 0.8921 0.8951
00 271.460 270.478 0.9361 0.9396
00 271.467 270.484 0.9506 0.9542
00 271.516 270.597 0.9362 0.9394
00 271.460 270.601 0.9083 0.9109
00 271.489 270.503 0.9325 0.9362
00 271.656 270.678 0.9501 0.9540
00 271.934 270.980 0.9278 0.9312
00 271.672 270.825 0.9221 0.9245
00 272.135 271.089 0.9225 0.9266
00 271.813 270.832 0.9492 0.9530
00 271.953 271.033 0.9312 0.9342
00 271.738 270.890 0.9284 0.9307
00 272.198 271.163 0.9226 0.9265
00 272.044 271.051 0.9486 0.9524
00 272.069 271.231 0.9437 0.9458
00 271.704 270.842 0.9281 0.9306
00 272.479 271.447 0.9239 0.9275
00 272.322 271.313 0.9484 0.9521
00 272.298 271.503 0.9472 0.9490
00 271.868 270.961 0.9183 0.9211
00 273.161 272.140 0.9300 0.9338
00 272.960 271.936 0.9487 0.9527
00 273.142 272.298 0.9381 0.9400
00 272.800 271.807 0.9120 0.9157
00 273.326 272.342 0.9367 0.9400
00 273.457 272.407 0.9473 0.9512
00 273.472 272.526 0.9036 0.9068
00 273.019 272.045 0.9219 0.9252
00 273.639 272.659 0.9382 0.9418
00 273.433 272.356 0.9433 0.9475
00 273.473 272.505 0.8732 0.8762
00 273.176 272.217 0.9294 0.9325
00 271.460 270.354 0.9342 0.9389
00 271.459 270.545 0.9611 0.9643
00 271.460 270.576 0.9608 0.9638
00 271.460 270.570 0.8371 0.8401
00 271.460 270.314 0.9282 0.9333
00 271.459 270.528 0.9601 0.9635
00 271.460 270.537 0.9566 0.9599
00 271.460 270.569 0.8356 0.8386
00 271.460 270.315 0.9263 0.9313
00 271.459 270.510 0.9591 0.9626
00 271.460 270.494 0.9519 0.9554
00 271.460 270.567 0.8360 0.8390
00 271.460 270.356 0.9305 0.9351
00 271.459 270.484 0.9576 0.9612
00 271.460 270.478 0.9505 0.9540
00 271.460 270.579 0.8425 0.8454
00 271.460 270.369 0.9321 0.9366
00 271.459 270.452 0.9556 0.9594
00 271.460 270.435 0.9457 0.9496
00 271.460 270.584 0.8450 0.8480
00 271.460 270.363 0.9313 0.9359
00 271.459 270.442 0.9548 0.9588
00 271.460 270.472 0.9490 0.9526
00 271.460 270.579 0.8461 0.8491
00 271.460 270.351 0.9292 0.9339
00 271.459 270.454 0.9551 0.9589
00 271.460 270.516 0.9535 0.9571
00 271.460 270.555 0.8485 0.8515
00 271.460 270.336 0.9257 0.9305
00 271.459 270.462 0.9550 0.9587
00 271.460 270.499 0.9478 0.9513
00 271.460 270.520 0.8584 0.8615
00 271.460 270.330 0.9227 0.9276
00 271.459 270.455 0.9529 0.9567
00 271.460 270.479 0.9360 0.9395
00 271.460 270.495 0.8724 0.8756
00 271.460 270.342 0.9216 0.9263
00 271.459 270.452 0.9508 0.9545
00 271.460 270.486 0.9278 0.9312
00 271.460 270.520 0.8924 0.8956
00 271.460 270.360 0.9214 0.9259
00 271.459 270.459 0.9493 0.9530
00 271.546 270.579 0.9269 0.9307
00 271.460 270.597 0.9127 0.9154
00 271.477 270.392 0.9213 0.9256
00 271.671 270.677 0.9487 0.9527
00 271.735 270.805 0.9327 0.9360
00 271.637 270.797 0.9233 0.9257
00 271.939 270.839 0.9209 0.9258
00 271.805 270.816 0.9482 0.9521
00 272.007 271.162 0.9447 0.9469
00 271.910 271.053 0.9269 0.9292
00 272.397 271.268 0.9181 0.9228
00 272.135 271.139 0.9482 0.9520
00 272.152 271.360 0.9485 0.9500
00 271.843 270.965 0.9229 0.9255
00 272.596 271.445 0.9135 0.9182
00 272.226 271.227 0.9479 0.9516
00 272.331 271.491 0.9308 0.9328
00 271.945 271.041 0.9209 0.9237
00 273.651 272.436 0.9141 0.9193
00 273.327 272.296 0.9483 0.9522
00 273.242 272.254 0.8887 0.8917
00 272.599 271.625 0.9100 0.9137
00 273.639 272.443 0.9156 0.9207
00 273.416 272.358 0.9443 0.9484
00 273.344 272.323 0.8628 0.8658
00 272.931 271.937 0.9081 0.9117
00 273.361 272.188 0.9142 0.9193
00 273.412 272.343 0.9413 0.9454
00 273.706 272.606 0.8521 0.8568
00 273.227 272.242 0.9120 0.9152
00 271.460 270.294 0.9258 0.9310
00 271.459 270.540 0.9609 0.9642
00 271.460 270.557 0.9591 0.9623
00 271.460 270.553 0.8328 0.8358
00 271.460 270.280 0.9208 0.9261
00 271.459 270.513 0.9589 0.9624
00 271.460 270.516 0.9550 0.9585
00 271.460 270.565 0.8350 0.8380
00 271.460 270.292 0.9209 0.9262
00 271.459 270.476 0.9566 0.9602
00 271.460 270.444 0.9469 0.9507
00 271.460 270.566 0.8397 0.8426
00 271.460 270.289 0.9212 0.9265
00 271.459 270.442 0.9546 0.9585
00 271.460 270.425 0.9448 0.9488
00 271.460 270.570 0.8415 0.8445
00 271.460 270.273 0.9194 0.9248
00 271.459 270.411 0.9517 0.9559
00 271.460 270.436 0.9453 0.9492
00 271.460 270.575 0.8416 0.8446
00 271.460 270.264 0.9179 0.9234
00 271.459 270.410 0.9512 0.9555
00 271.460 270.478 0.9500 0.9535
00 271.460 270.581 0.8431 0.8460
00 271.460 270.261 0.9162 0.9217
00 271.459 270.420 0.9514 0.9556
00 271.460 270.492 0.9500 0.9535
00 271.460 270.578 0.8433 0.8463
00 271.460 270.271 0.9145 0.9199
00 271.459 270.441 0.9525 0.9565
00 271.460 270.416 0.9328 0.9368
00 271.460 270.566 0.8457 0.8487
00 271.460 270.300 0.9148 0.9199
00 271.459 270.442 0.9515 0.9554
00 271.460 270.453 0.9281 0.9316
00 271.460 270.545 0.8535 0.8566
00 271.460 270.321 0.9147 0.9195
00 271.459 270.443 0.9497 0.9535
00 271.460 270.483 0.9309 0.9343
00 271.460 270.513 0.8664 0.8696
00 271.460 270.339 0.9146 0.9192
00 271.460 270.448 0.9480 0.9518
00 271.606 270.653 0.9337 0.9373
00 271.460 270.522 0.8842 0.8874
00 271.543 270.429 0.9136 0.9180
00 271.640 270.639 0.9477 0.9518
00 271.690 270.838 0.9453 0.9477
00 271.608 270.708 0.9002 0.9031
00 271.896 270.769 0.9128 0.9179
00 271.844 270.848 0.9473 0.9512
00 271.942 271.136 0.9487 0.9506
00 271.646 270.781 0.9117 0.9142
00 271.963 270.859 0.9147 0.9195
00 271.981 270.995 0.9479 0.9516
00 272.226 271.341 0.9284 0.9307
00 271.843 270.972 0.9185 0.9210
00 272.317 271.189 0.9116 0.9163
00 272.144 271.152 0.9474 0.9511
00 272.370 271.396 0.8860 0.8888
00 271.861 270.986 0.9170 0.9194
00 272.765 271.618 0.9109 0.9163
00 272.378 271.375 0.9457 0.9493
00 272.365 271.379 0.8655 0.8682
00 272.112 271.206 0.9160 0.9185
00 273.288 272.107 0.9088 0.9139
00 273.186 272.104 0.9379 0.9423
00 273.443 272.384 0.8751 0.8785
00 272.832 271.871 0.9157 0.9190
00 273.416 272.253 0.9117 0.9165
00 273.476 272.360 0.9342 0.9388
00 273.581 272.577 0.8919 0.8958
00 272.982 272.026 0.9178 0.9209
00 271.460 270.267 0.9190 0.9245
00 271.459 270.509 0.9582 0.9618
00 271.460 270.533 0.9570 0.9603
00 271.460 270.562 0.8393 0.8423
00 271.460 270.266 0.9162 0.9217
00 271.459 270.466 0.9551 0.9588
00 271.460 270.471 0.9500 0.9536
00 271.460 270.565 0.8395 0.8425
00 271.460 270.254 0.9139 0.9194
00 271.459 270.435 0.9526 0.9566
00 271.460 270.451 0.9476 0.9513
00 271.460 270.535 0.8322 0.8352
00 271.460 270.250 0.9127 0.9184
00 271.459 270.408 0.9493 0.9536
00 271.460 270.447 0.9470 0.9508
00 271.460 270.527 0.8323 0.8353
00 271.460 270.241 0.9105 0.9162
00 271.459 270.418 0.9501 0.9542
00 271.460 270.453 0.9476 0.9514
00 271.460 270.533 0.8338 0.8368
00 271.460 270.246 0.9097 0.9154
00 271.459 270.410 0.9494 0.9536
00 271.460 270.485 0.9507 0.9542
00 271.460 270.540 0.8348 0.8378
00 271.460 270.260 0.9085 0.9140
00 271.459 270.418 0.9496 0.9537
00 271.460 270.429 0.9421 0.9460
00 271.460 270.549 0.8370 0.8400
00 271.460 270.282 0.9073 0.9126
00 271.459 270.428 0.9498 0.9538
00 271.460 270.424 0.9354 0.9394
00 271.460 270.551 0.8372 0.8402
00 271.460 270.313 0.9058 0.9106
00 271.459 270.449 0.9510 0.9548
00 271.460 270.467 0.9360 0.9395
00 271.460 270.565 0.8416 0.8446
00 271.460 270.351 0.9035 0.9079
00 271.459 270.441 0.9489 0.9527
00 271.460 270.482 0.9348 0.9382
00 271.460 270.578 0.8441 0.8471
00 271.460 270.380 0.9010 0.9050
00 271.459 270.439 0.9466 0.9505
00 271.485 270.620 0.9460 0.9487
00 271.460 270.574 0.8518 0.8549
00 271.526 270.470 0.9001 0.9040
00 271.565 270.562 0.9466 0.9508
00 271.578 270.761 0.9488 0.9509
00 271.460 270.567 0.8675 0.8706
00 271.741 270.686 0.9003 0.9048
00 271.788 270.791 0.9462 0.9502
00 271.918 271.035 0.9337 0.9363
00 271.745 270.836 0.8840 0.8869
00 272.269 271.175 0.8990 0.9033
00 272.237 271.241 0.9467 0.9503
00 272.486 271.440 0.8877 0.8912
00 271.933 271.042 0.8995 0.9020
00 272.552 271.421 0.8951 0.8995
00 272.641 271.638 0.9467 0.9507
00 272.865 271.793 0.8726 0.8770
00 272.158 271.273 0.9109 0.9131
00 273.127 271.941 0.8928 0.8982
00 273.257 272.203 0.9415 0.9456
00 272.785 271.819 0.8917 0.8950
00 272.300 271.426 0.9192 0.9212
00 273.763 272.510 0.8917 0.8976
00 273.796 272.674 0.9348 0.9399
00 273.455 272.512 0.9085 0.9116
00 272.756 271.853 0.9221 0.9249
00 274.706 273.382 0.8937 0.8997
00 274.570 273.396 0.9322 0.9372
00 274.706 273.740 0.9203 0.9236
00 273.455 272.495 0.9213 0.9244
00 271.461 270.341 0.9276 0.9324
00 271.459 270.517 0.9583 0.9618
00 271.460 270.518 0.9575 0.9611
00 271.460 270.515 0.8370 0.8400
00 271.460 270.250 0.9135 0.9192
00 271.459 270.457 0.9526 0.9564
00 271.460 270.506 0.9546 0.9582
00 271.460 270.555 0.8422 0.8452
00 271.460 270.247 0.9101 0.9158
00 271.459 270.428 0.9489 0.9529
00 271.460 270.496 0.9528 0.9563
00 271.460 270.549 0.8415 0.8445
00 271.460 270.238 0.9079 0.9136
00 271.459 270.416 0.9473 0.9515
00 271.460 270.479 0.9506 0.9541
00 271.460 270.533 0.8395 0.8425
00 271.460 270.234 0.9062 0.9119
00 271.459 270.441 0.9490 0.9529
00 271.460 270.475 0.9503 0.9539
00 271.460 270.542 0.8432 0.8462
00 271.460 270.241 0.9034 0.9090
00 271.459 270.453 0.9503 0.9541
00 271.460 270.461 0.9485 0.9522
00 271.460 270.564 0.8471 0.8502
00 271.460 270.262 0.8992 0.9045
00 271.459 270.439 0.9493 0.9532
00 271.460 270.445 0.9458 0.9496
00 271.460 270.580 0.8474 0.8503
00 271.460 270.320 0.8957 0.9003
00 271.459 270.437 0.9489 0.9529
00 271.460 270.468 0.9459 0.9495
00 271.460 270.589 0.8471 0.8500
00 271.460 270.421 0.8924 0.8959
00 271.459 270.441 0.9485 0.9524
00 271.460 270.488 0.9448 0.9483
00 271.460 270.584 0.8463 0.8493
00 271.460 270.510 0.8858 0.8891
00 271.459 270.454 0.9493 0.9530
00 271.460 270.522 0.9452 0.9487
00 271.460 270.570 0.8428 0.8459
00 271.460 270.555 0.8744 0.8776
00 271.459 270.454 0.9486 0.9523
00 271.460 270.584 0.9486 0.9515
00 271.460 270.576 0.8431 0.8461
00 271.460 270.587 0.8687 0.8716
00 271.459 270.444 0.9462 0.9500
00 271.461 270.645 0.9513 0.9535
00 271.460 270.578 0.8413 0.8443
00 271.461 270.609 0.8666 0.8693
00 271.468 270.456 0.9446 0.9484
00 271.626 270.736 0.9365 0.9393
00 271.460 270.593 0.8429 0.8458
00 271.570 270.713 0.8664 0.8689
00 271.536 270.535 0.9443 0.9485
00 271.821 270.791 0.8885 0.8926
00 271.560 270.685 0.8481 0.8509
00 271.946 271.051 0.8672 0.8696
00 271.868 270.870 0.9439 0.9478
00 272.215 271.206 0.8809 0.8842
00 271.782 270.868 0.8556 0.8584
00 272.800 271.849 0.8757 0.8788
00 272.834 271.791 0.9406 0.9449
00 272.441 271.529 0.9045 0.9075
00 272.434 271.455 0.8736 0.8764
00 273.663 272.669 0.8868 0.8905
00 273.622 272.512 0.9342 0.9390
00 273.051 272.174 0.9202 0.9224
00 272.823 271.858 0.8922 0.8955
00 273.849 272.830 0.8887 0.8925
00 273.831 272.698 0.9302 0.9353
00 273.329 272.476 0.9299 0.9318
00 273.098 272.167 0.9051 0.9077
00 273.959 272.906 0.8866 0.8905
00 273.832 272.712 0.9299 0.9349
00 273.944 273.074 0.9336 0.9358
00 273.497 272.585 0.9185 0.9215
00 271.460 270.332 0.9305 0.9354
00 271.459 270.506 0.9581 0.9616
00 271.460 270.534 0.9593 0.9627
00 271.460 270.458 0.8462 0.8492
00 271.460 270.307 0.9213 0.9263
00 271.459 270.494 0.9549 0.9585
00 271.460 270.510 0.9559 0.9595
00 271.460 270.523 0.8443 0.8473
00 271.460 270.238 0.9088 0.9145
00 271.459 270.463 0.9510 0.9546
00 271.460 270.494 0.9532 0.9568
00 271.460 270.543 0.8463 0.8493
00 271.460 270.230 0.9047 0.9105
00 271.459 270.442 0.9483 0.9521
00 271.460 270.459 0.9485 0.9522
00 271.460 270.530 0.8451 0.8481
00 271.460 270.231 0.9031 0.9089
00 271.459 270.442 0.9483 0.9521
00 271.460 270.457 0.9484 0.9521
00 271.460 270.537 0.8503 0.8533
00 271.460 270.248 0.9002 0.9057
00 271.459 270.464 0.9499 0.9535
00 271.460 270.470 0.9495 0.9531
00 271.460 270.597 0.8628 0.8656
00 271.460 270.300 0.8935 0.8984
00 271.459 270.482 0.9518 0.9553
00 271.460 270.464 0.9483 0.9519
00 271.460 270.690 0.8739 0.8756
00 271.460 270.441 0.8896 0.8928
00 271.459 270.467 0.9508 0.9544
00 271.460 270.476 0.9483 0.9518
00 271.460 270.743 0.8783 0.8795
00 271.460 270.570 0.8848 0.8878
00 271.459 270.456 0.9492 0.9529
00 271.460 270.532 0.9529 0.9563
00 271.460 270.757 0.8773 0.8784
00 271.460 270.600 0.8733 0.8760
00 271.459 270.463 0.9489 0.9525
00 271.460 270.555 0.9522 0.9554
00 271.460 270.759 0.8736 0.8746
00 271.460 270.598 0.8645 0.8673
00 271.459 270.464 0.9479 0.9515
00 271.460 270.597 0.9527 0.9554
00 271.460 270.744 0.8666 0.8678
00 271.460 270.660 0.8702 0.8723
00 271.459 270.459 0.9465 0.9502
00 271.460 270.621 0.9510 0.9534
00 271.460 270.720 0.8583 0.8598
00 271.460 270.715 0.8723 0.8738
00 271.459 270.457 0.9454 0.9490
00 271.463 270.521 0.9303 0.9338
00 271.460 270.695 0.8522 0.8539
00 271.462 270.738 0.8693 0.8705
00 271.464 270.451 0.9433 0.9470
00 271.569 270.558 0.8932 0.8974
00 271.460 270.671 0.8473 0.8493
00 271.631 270.892 0.8709 0.8721
00 271.633 270.611 0.9415 0.9458
00 271.750 270.825 0.8956 0.8987
00 271.468 270.655 0.8442 0.8464
00 271.821 271.057 0.8703 0.8714
00 271.669 270.665 0.9419 0.9460
00 271.806 270.966 0.9138 0.9159
00 271.748 270.871 0.8408 0.8432
00 272.194 271.345 0.8673 0.8688
00 272.114 271.083 0.9373 0.9413
00 272.201 271.399 0.9306 0.9320
00 272.006 271.084 0.8394 0.8419
00 272.614 271.664 0.8682 0.8715
00 272.597 271.555 0.9366 0.9410
00 272.386 271.591 0.9348 0.9368
00 272.276 271.307 0.8391 0.8416
00 273.007 272.032 0.8775 0.8806
00 272.902 271.869 0.9373 0.9414
00 272.824 272.006 0.9301 0.9320
00 272.606 271.596 0.8440 0.8480
00 273.705 272.703 0.8873 0.8910
00 273.814 272.721 0.9317 0.9364
00 273.847 272.940 0.9122 0.9148
00 273.509 272.393 0.8526 0.8563
00 271.460 270.448 0.9434 0.9471
00 271.459 270.518 0.9594 0.9629
00 271.460 270.524 0.9601 0.9635
00 271.460 270.375 0.8584 0.8621
00 271.460 270.445 0.9395 0.9432
00 271.459 270.501 0.9566 0.9601
00 271.460 270.513 0.9574 0.9610
00 271.460 270.472 0.8473 0.8503
00 271.460 270.293 0.9167 0.9218
00 271.459 270.491 0.9540 0.9576
00 271.460 270.502 0.9549 0.9584
00 271.460 270.502 0.8452 0.8482
00 271.460 270.240 0.9050 0.9106
00 271.459 270.481 0.9516 0.9551
00 271.460 270.453 0.9489 0.9526
00 271.460 270.513 0.8482 0.8512
00 271.460 270.239 0.9028 0.9084
00 271.459 270.477 0.9506 0.9541
00 271.460 270.374 0.9396 0.9441
00 271.460 270.506 0.8504 0.8535
00 271.460 270.252 0.9001 0.9056
00 271.459 270.478 0.9509 0.9544
00 271.460 270.454 0.9470 0.9507
00 271.460 270.544 0.8619 0.8650
00 271.460 270.319 0.8918 0.8964
00 271.459 270.485 0.9515 0.9550
00 271.460 270.509 0.9527 0.9562
00 271.460 270.661 0.8807 0.8828
00 271.460 270.500 0.8915 0.8947
00 271.459 270.477 0.9502 0.9537
00 271.460 270.524 0.9538 0.9573
00 271.460 270.731 0.8896 0.8909
00 271.460 270.614 0.8873 0.8898
00 271.459 270.472 0.9495 0.9530
00 271.460 270.533 0.9537 0.9571
00 271.460 270.741 0.8896 0.8908
00 271.460 270.601 0.8765 0.8792
00 271.459 270.461 0.9477 0.9513
00 271.460 270.571 0.9550 0.9580
00 271.460 270.738 0.8869 0.8882
00 271.460 270.624 0.8706 0.8731
00 271.459 270.456 0.9461 0.9497
00 271.460 270.602 0.9544 0.9570
00 271.460 270.735 0.8852 0.8865
00 271.460 270.663 0.8705 0.8725
00 271.459 270.454 0.9447 0.9484
00 271.460 270.556 0.9443 0.9475
00 271.460 270.734 0.8822 0.8834
00 271.461 270.674 0.8685 0.8705
00 271.460 270.459 0.9443 0.9479
00 271.460 270.408 0.9099 0.9137
00 271.460 270.741 0.8797 0.8809
00 271.475 270.697 0.8639 0.8658
00 271.460 270.458 0.9430 0.9467
00 271.460 270.452 0.8897 0.8930
00 271.460 270.754 0.8768 0.8779
00 271.753 270.976 0.8635 0.8649
00 271.459 270.457 0.9419 0.9455
00 271.517 270.637 0.9051 0.9080
00 271.460 270.755 0.8704 0.8715
00 272.071 271.296 0.8741 0.8750
00 271.782 270.751 0.9390 0.9433
00 271.932 271.106 0.9227 0.9247
00 271.585 270.864 0.8643 0.8653
00 272.613 271.802 0.8770 0.8789
00 272.262 271.210 0.9374 0.9416
00 272.442 271.626 0.9339 0.9360
00 271.864 271.102 0.8569 0.8579
00 272.870 272.038 0.8754 0.8772
00 272.783 271.692 0.9327 0.9375
00 272.823 272.001 0.9340 0.9360
00 272.038 271.251 0.8542 0.8552
00 272.916 272.015 0.8707 0.8731
00 272.834 271.736 0.9295 0.9344
00 272.824 271.989 0.9198 0.9219
00 272.067 271.280 0.8509 0.8518
00 273.527 272.551 0.8768 0.8804
00 273.202 272.125 0.9330 0.9373
00 273.290 272.409 0.9045 0.9064
00 272.437 271.597 0.8464 0.8489
00 273.895 272.918 0.8909 0.8941
00 273.771 272.691 0.9339 0.9385
00 273.677 272.756 0.8892 0.8921
00 272.869 271.965 0.8427 0.8452
00 271.460 270.464 0.9392 0.9427
00 271.459 270.507 0.9551 0.9586
00 271.460 270.523 0.9570 0.9605
00 271.460 270.422 0.8541 0.8572
00 271.460 270.301 0.9139 0.9189
00 271.459 270.508 0.9534 0.9569
00 271.460 270.511 0.9552 0.9587
00 271.460 270.439 0.8446 0.8476
00 271.460 270.247 0.9036 0.9092
00 271.459 270.499 0.9517 0.9552
00 271.460 270.485 0.9514 0.9550
00 271.460 270.448 0.8483 0.8514
00 271.460 270.252 0.9009 0.9064
00 271.459 270.496 0.9513 0.9548
00 271.460 270.434 0.9437 0.9476
00 271.460 270.453 0.8536 0.8567
00 271.460 270.302 0.8974 0.9023
00 271.459 270.465 0.9480 0.9516
00 271.460 270.444 0.9438 0.9476
00 271.460 270.554 0.8721 0.8752
00 271.460 270.471 0.8943 0.8975
00 271.459 270.416 0.9425 0.9466
00 271.460 270.507 0.9506 0.9541
00 271.460 270.681 0.8906 0.8925
00 271.460 270.625 0.8945 0.8970
00 271.459 270.379 0.9383 0.9428
00 271.460 270.553 0.9546 0.9578
00 271.460 270.712 0.8941 0.8956
00 271.460 270.639 0.8834 0.8857
00 271.459 270.370 0.9366 0.9411
00 271.460 270.581 0.9551 0.9580
00 271.460 270.702 0.8907 0.8923
00 271.460 270.605 0.8770 0.8796
00 271.459 270.379 0.9364 0.9409
00 271.460 270.563 0.9503 0.9533
00 271.460 270.683 0.8861 0.8879
00 271.460 270.621 0.8734 0.8759
00 271.459 270.373 0.9330 0.9375
00 271.460 270.393 0.9216 0.9257
00 271.460 270.676 0.8844 0.8863
00 271.461 270.623 0.8658 0.8683
00 271.459 270.390 0.9328 0.9371
00 271.460 270.376 0.8994 0.9035
00 271.460 270.690 0.8839 0.8856
00 271.508 270.688 0.8649 0.8671
00 271.462 270.397 0.9318 0.9360
00 271.460 270.498 0.8967 0.9000
00 271.460 270.709 0.8840 0.8856
00 271.905 271.098 0.8647 0.8662
00 271.504 270.472 0.9353 0.9392
00 271.460 270.610 0.9144 0.9170
00 271.460 270.728 0.8840 0.8854
00 271.973 271.207 0.8738 0.8748
00 271.735 270.714 0.9372 0.9414
00 271.644 270.843 0.9298 0.9317
00 271.463 270.747 0.8829 0.8841
00 272.665 271.845 0.8780 0.8800
00 272.378 271.336 0.9374 0.9413
00 272.218 271.402 0.9307 0.9323
00 271.804 271.071 0.8819 0.8828
00 272.914 272.059 0.8769 0.8788
00 272.934 271.871 0.9370 0.9414
00 272.784 271.957 0.9284 0.9304
00 272.117 271.368 0.8814 0.8820
00 272.748 271.892 0.8750 0.8772
00 272.776 271.672 0.9274 0.9324
00 272.910 272.055 0.9095 0.9116
00 272.635 271.852 0.8806 0.8821
00 272.844 271.983 0.8779 0.8800
00 272.944 271.837 0.9260 0.9309
00 273.285 272.390 0.8927 0.8947
00 272.922 272.117 0.8783 0.8797
00 273.518 272.562 0.8810 0.8845
00 273.464 272.356 0.9279 0.9323
00 273.600 272.677 0.8826 0.8856
00 273.060 272.249 0.8761 0.8774
00 274.033 272.991 0.8823 0.8860
00 274.098 272.974 0.9285 0.9333
00 274.013 273.066 0.8793 0.8820
00 273.392 272.555 0.8750 0.8773
00 271.460 270.509 0.9466 0.9501
00 271.459 270.521 0.9580 0.9615
00 271.460 270.517 0.9577 0.9613
00 271.460 270.229 0.8825 0.8880
00 271.460 270.500 0.9396 0.9431
00 271.459 270.519 0.9552 0.9588
00 271.460 270.537 0.9569 0.9603
00 271.460 270.302 0.8744 0.8791
00 271.461 270.364 0.9209 0.9253
00 271.459 270.527 0.9532 0.9567
00 271.460 270.539 0.9561 0.9595
00 271.460 270.358 0.8650 0.8690
00 271.482 270.308 0.9046 0.9097
00 271.459 270.519 0.9518 0.9553
00 271.460 270.535 0.9548 0.9582
00 271.460 270.411 0.8614 0.8647
00 271.463 270.299 0.9044 0.9095
00 271.459 270.503 0.9505 0.9540
00 271.460 270.458 0.9440 0.9477
00 271.460 270.407 0.8609 0.8643
00 271.460 270.374 0.9012 0.9053
00 271.459 270.445 0.9428 0.9466
00 271.460 270.507 0.9470 0.9505
00 271.460 270.539 0.8772 0.8804
00 271.460 270.578 0.9007 0.9037
00 271.459 270.384 0.9365 0.9409
00 271.460 270.547 0.9508 0.9540
00 271.460 270.654 0.8923 0.8944
00 271.460 270.626 0.8915 0.8939
00 271.459 270.376 0.9361 0.9406
00 271.460 270.547 0.9498 0.9530
00 271.460 270.678 0.8943 0.8961
00 271.460 270.623 0.8778 0.8803
00 271.459 270.380 0.9363 0.9407
00 271.460 270.375 0.9270 0.9314
00 271.460 270.670 0.8921 0.8941
00 271.460 270.615 0.8807 0.8832
00 271.459 270.394 0.9360 0.9403
00 271.460 270.278 0.9037 0.9089
00 271.460 270.653 0.8900 0.8921
00 271.460 270.624 0.8708 0.8733
00 271.459 270.377 0.9313 0.9357
00 271.460 270.395 0.8944 0.8982
00 271.460 270.655 0.8893 0.8914
00 271.469 270.647 0.8662 0.8685
00 271.461 270.381 0.9283 0.9326
00 271.460 270.554 0.9093 0.9125
00 271.460 270.673 0.8893 0.8913
00 271.792 270.971 0.8689 0.8707
00 271.493 270.416 0.9261 0.9304
00 271.460 270.627 0.9222 0.9246
00 271.460 270.686 0.8893 0.8910
00 271.814 271.035 0.8740 0.8754
00 271.690 270.595 0.9234 0.9284
00 271.467 270.661 0.9263 0.9284
00 271.460 270.698 0.8883 0.8899
00 271.889 271.119 0.8781 0.8792
00 271.876 270.770 0.9223 0.9273
00 271.678 270.884 0.9262 0.9281
00 271.616 270.852 0.8872 0.8887
00 272.077 271.293 0.8797 0.8808
00 272.336 271.201 0.9202 0.9251
00 272.237 271.419 0.9188 0.9203
00 271.871 271.092 0.8860 0.8873
00 272.164 271.361 0.8818 0.8829
00 272.531 271.399 0.9203 0.9249
00 272.482 271.639 0.8996 0.9020
00 272.034 271.253 0.8851 0.8862
00 272.646 271.789 0.8801 0.8824
00 272.659 271.545 0.9213 0.9264
00 272.442 271.613 0.8868 0.8891
00 272.015 271.260 0.8842 0.8850
00 273.166 272.236 0.8825 0.8850
00 273.128 272.014 0.9228 0.9275
00 273.157 272.274 0.8806 0.8825
00 272.297 271.524 0.8808 0.8823
00 273.610 272.653 0.8879 0.8912
00 273.285 272.180 0.9234 0.9279
00 273.603 272.676 0.8720 0.8751
00 272.855 272.031 0.8791 0.8808
00 273.701 272.795 0.8969 0.8996
00 273.555 272.490 0.9297 0.9339
00 273.681 272.752 0.8728 0.8758
00 273.038 272.193 0.8765 0.8781
00 271.460 270.546 0.9479 0.9511
00 271.459 270.506 0.9579 0.9615
00 271.460 270.505 0.9534 0.9569
00 271.460 270.260 0.8922 0.8975
00 271.460 270.323 0.9106 0.9153
00 271.459 270.488 0.9515 0.9550
00 271.460 270.539 0.9536 0.9569
00 271.460 270.278 0.8779 0.8829
00 271.460 270.533 0.9014 0.9047
00 271.459 270.463 0.9469 0.9505
00 271.460 270.314 0.9207 0.9257
00 271.460 270.603 0.8898 0.8925
00 271.460 270.576 0.8808 0.8838
00 271.459 270.448 0.9445 0.9482
00 271.460 270.237 0.9074 0.9131
00 271.460 270.651 0.8948 0.8969
00 271.460 270.660 0.8776 0.8797
00 271.459 270.416 0.9409 0.9450
00 271.460 270.293 0.9001 0.9051
00 271.460 270.654 0.8967 0.8988
00 271.460 270.655 0.8764 0.8785
00 271.459 270.392 0.9359 0.9402
00 271.460 270.462 0.9076 0.9110
00 271.460 270.645 0.8970 0.8992
00 271.551 270.709 0.8698 0.8722
00 271.460 270.399 0.9324 0.9366
00 271.460 270.571 0.9177 0.9207
00 271.460 270.648 0.8969 0.8991
00 271.769 270.910 0.8680 0.8703
00 271.469 270.423 0.9310 0.9350
00 271.460 270.611 0.9231 0.9257
00 271.460 270.663 0.8972 0.8992
00 271.624 270.804 0.8712 0.8733
00 271.612 270.566 0.9293 0.9339
00 271.462 270.638 0.9212 0.9235
00 271.460 270.659 0.8950 0.8971
00 271.813 270.999 0.8735 0.8752
00 271.831 270.743 0.9210 0.9258
00 271.477 270.682 0.9231 0.9251
00 271.460 270.661 0.8944 0.8964
00 272.093 271.269 0.8769 0.8783
00 272.504 271.369 0.9191 0.9238
00 271.875 271.065 0.9152 0.9170
00 271.646 270.837 0.8937 0.8956
00 272.249 271.406 0.8799 0.8814
00 272.500 271.356 0.9171 0.9218
00 272.374 271.535 0.9009 0.9033
00 271.867 271.049 0.8939 0.8956
00 272.363 271.504 0.8825 0.8846
00 272.631 271.459 0.9134 0.9183
00 272.601 271.766 0.8950 0.8972
00 272.534 271.657 0.8922 0.8949
00 272.880 271.999 0.8882 0.8905
00 272.751 271.567 0.9129 0.9187
00 272.673 271.831 0.8853 0.8875
00 272.745 271.858 0.8901 0.8927
00 273.200 272.349 0.8989 0.9005
00 272.938 271.754 0.9133 0.9189
00 272.889 272.031 0.8756 0.8776
00 272.604 271.752 0.8892 0.8916
00 273.392 272.588 0.9120 0.9140
00 273.304 272.138 0.9151 0.9202
00 273.082 272.210 0.8750 0.8769
00 272.632 271.802 0.8893 0.8913
00 273.577 272.796 0.9183 0.9198
00 273.300 272.198 0.9198 0.9242
00 273.310 272.396 0.8766 0.8786
00 272.713 271.886 0.8867 0.8887
00 271.460 270.588 0.8767 0.8796
00 271.459 270.440 0.9429 0.9467
00 271.460 270.355 0.9064 0.9108
00 271.460 270.637 0.8982 0.9006
00 271.460 270.718 0.8812 0.8826
00 271.459 270.409 0.9407 0.9449
00 271.460 270.488 0.9158 0.9191
00 271.460 270.654 0.9026 0.9048
00 271.460 270.684 0.8762 0.8780
00 271.459 270.356 0.9339 0.9385
00 271.460 270.558 0.9213 0.9245
00 271.460 270.648 0.9016 0.9038
00 271.521 270.719 0.8753 0.8773
00 271.476 270.322 0.9234 0.9285
00 271.460 270.591 0.9189 0.9217
00 271.460 270.656 0.8993 0.9014
00 271.747 270.908 0.8742 0.8763
00 271.690 270.532 0.9206 0.9262
00 271.461 270.631 0.9216 0.9239
00 271.460 270.676 0.9004 0.9023
00 271.787 270.950 0.8775 0.8795
00 271.728 270.599 0.9202 0.9255
00 271.498 270.690 0.9233 0.9254
00 271.460 270.679 0.9001 0.9019
00 271.935 271.093 0.8789 0.8808
00 272.036 270.920 0.9207 0.9256
00 271.718 270.916 0.9187 0.9206
00 271.460 270.670 0.8977 0.8997
00 272.282 271.442 0.8835 0.8849
00 272.252 271.163 0.9237 0.9282
00 271.974 271.157 0.9050 0.9067
00 271.687 270.871 0.8966 0.8986
00 272.444 271.629 0.8925 0.8946
00 272.322 271.249 0.9249 0.9292
00 272.247 271.428 0.8993 0.9007
00 271.858 271.015 0.8956 0.8977
00 272.728 271.926 0.9034 0.9051
00 272.592 271.530 0.9289 0.9336
00 272.388 271.559 0.8944 0.8968
00 271.711 270.877 0.8948 0.8970
00 273.047 272.269 0.9135 0.9146
00 272.722 271.606 0.9175 0.9226
00 272.657 271.800 0.8857 0.8881
00 272.320 271.438 0.8948 0.8967
00 273.521 272.747 0.9176 0.9192
00 273.204 272.042 0.9154 0.9205
00 273.219 272.308 0.8798 0.8820
00 272.702 271.810 0.8959 0.8986
00 273.809 273.032 0.9178 0.9191
00 273.585 272.385 0.9127 0.9178
00 273.519 272.549 0.8718 0.8754
00 272.783 271.917 0.8973 0.8996
00 273.861 273.070 0.9140 0.9154
00 273.688 272.505 0.9112 0.9165
00 273.457 272.456 0.8682 0.8712
00 273.088 272.226 0.8974 0.8993
