00 271.460 270.243 0.8843 0.8898
00 271.460 270.555 0.9578 0.9609
00 271.460 270.581 0.9681 0.9709
00 271.460 270.387 0.9489 0.9534
00 271.460 270.388 0.8638 0.8674
00 271.460 270.465 0.9500 0.9536
00 271.460 270.573 0.9673 0.9702
00 271.460 270.299 0.9402 0.9456
00 271.460 270.461 0.8618 0.8649
00 271.460 270.249 0.9149 0.9206
00 271.460 270.546 0.9653 0.9685
00 271.460 270.222 0.9320 0.9381
00 271.460 270.499 0.8618 0.8648
00 271.460 270.259 0.9014 0.9068
00 271.460 270.520 0.9636 0.9671
00 271.460 270.213 0.9271 0.9332
00 271.460 270.527 0.8633 0.8664
00 271.460 270.339 0.8993 0.9038
00 271.460 270.529 0.9640 0.9674
00 271.460 270.243 0.9236 0.9294
00 271.460 270.548 0.8636 0.8667
00 271.460 270.427 0.9094 0.9130
00 271.460 270.550 0.9646 0.9678
00 271.460 270.301 0.9234 0.9286
00 271.460 270.566 0.8646 0.8677
00 271.460 270.485 0.9252 0.9286
00 271.460 270.537 0.9627 0.9660
00 271.460 270.347 0.9226 0.9273
00 271.460 270.575 0.8627 0.8658
00 271.460 270.509 0.9318 0.9352
00 271.460 270.329 0.9424 0.9474
00 271.460 270.387 0.9218 0.9260
00 271.460 270.587 0.8630 0.8658
00 271.460 270.542 0.9359 0.9392
00 271.460 270.274 0.9307 0.9363
00 271.460 270.403 0.9197 0.9237
00 271.460 270.595 0.8647 0.8674
00 271.460 270.564 0.9369 0.9400
00 271.460 270.324 0.9332 0.9382
00 271.460 270.387 0.9154 0.9195
00 271.460 270.610 0.8692 0.8719
00 271.460 270.565 0.9359 0.9389
00 271.460 270.331 0.9316 0.9365
00 271.460 270.364 0.9123 0.9167
00 271.460 270.617 0.8733 0.8759
00 271.460 270.523 0.9239 0.9273
00 271.460 270.303 0.9214 0.9265
00 271.460 270.340 0.9146 0.9192
00 271.460 270.619 0.8775 0.8800
00 271.460 270.393 0.8939 0.8977
00 271.460 270.308 0.9124 0.9174
00 271.460 270.300 0.9182 0.9233
00 271.460 270.615 0.8814 0.8840
00 271.460 270.338 0.8779 0.8822
00 271.460 270.308 0.8992 0.9040
00 271.460 270.266 0.9200 0.9255
00 271.460 270.616 0.8857 0.8883
00 271.460 270.364 0.8738 0.8778
00 271.460 270.354 0.8867 0.8909
00 271.460 270.283 0.9229 0.9282
00 271.460 270.630 0.8839 0.8863
00 271.460 270.383 0.8671 0.8708
00 271.460 270.402 0.8838 0.8874
00 271.460 270.303 0.9263 0.9315
00 271.549 270.746 0.8658 0.8678
00 271.464 270.422 0.8623 0.8656
00 271.463 270.411 0.8919 0.8955
00 271.460 270.390 0.9339 0.9381
00 272.526 271.623 0.8466 0.8496
00 271.969 270.904 0.8589 0.8630
00 271.849 270.781 0.8788 0.8833
00 271.617 270.632 0.9405 0.9445
00 271.460 270.359 0.9005 0.9048
00 271.460 270.515 0.9548 0.9584
00 271.460 270.556 0.9671 0.9702
00 271.460 270.388 0.9495 0.9539
00 271.460 270.448 0.8750 0.8781
00 271.460 270.376 0.9382 0.9427
00 271.460 270.557 0.9667 0.9698
00 271.460 270.260 0.9363 0.9420
00 271.460 270.535 0.8748 0.8779
00 271.460 270.227 0.9034 0.9091
00 271.460 270.546 0.9655 0.9688
00 271.460 270.218 0.9291 0.9352
00 271.460 270.573 0.8729 0.8759
00 271.460 270.293 0.8967 0.9017
00 271.460 270.526 0.9640 0.9674
00 271.460 270.240 0.9256 0.9315
00 271.460 270.599 0.8718 0.8745
00 271.460 270.370 0.8974 0.9015
00 271.460 270.528 0.9639 0.9673
00 271.460 270.290 0.9246 0.9299
00 271.460 270.616 0.8718 0.8743
00 271.460 270.423 0.9066 0.9102
00 271.460 270.542 0.9642 0.9675
00 271.460 270.347 0.9244 0.9290
00 271.460 270.625 0.8726 0.8751
00 271.460 270.464 0.9188 0.9222
00 271.460 270.484 0.9594 0.9629
00 271.460 270.389 0.9229 0.9271
00 271.460 270.630 0.8737 0.8761
00 271.460 270.513 0.9297 0.9331
00 271.460 270.288 0.9385 0.9440
00 271.460 270.414 0.9211 0.9250
00 271.460 270.633 0.8748 0.8771
00 271.460 270.561 0.9358 0.9389
00 271.460 270.248 0.9290 0.9348
00 271.460 270.416 0.9183 0.9221
00 271.460 270.629 0.8747 0.8771
00 271.460 270.581 0.9376 0.9405
00 271.460 270.297 0.9317 0.9369
00 271.460 270.403 0.9144 0.9183
00 271.460 270.626 0.8767 0.8791
00 271.460 270.563 0.9355 0.9386
00 271.460 270.293 0.9266 0.9319
00 271.460 270.399 0.9109 0.9148
00 271.460 270.626 0.8793 0.8817
00 271.460 270.464 0.9123 0.9157
00 271.460 270.321 0.9232 0.9281
00 271.460 270.392 0.9083 0.9123
00 271.460 270.628 0.8818 0.8842
00 271.460 270.327 0.8835 0.8879
00 271.460 270.321 0.9162 0.9210
00 271.460 270.346 0.9109 0.9154
00 271.460 270.638 0.8826 0.8849
00 271.460 270.330 0.8758 0.8802
00 271.460 270.307 0.9019 0.9068
00 271.460 270.331 0.9175 0.9223
00 271.460 270.653 0.8753 0.8775
00 271.460 270.361 0.8708 0.8747
00 271.460 270.364 0.8871 0.8912
00 271.460 270.314 0.9198 0.9248
00 271.462 270.678 0.8677 0.8696
00 271.460 270.392 0.8645 0.8681
00 271.460 270.427 0.8844 0.8878
00 271.460 270.329 0.9221 0.9269
00 271.926 271.104 0.8604 0.8620
00 271.804 270.740 0.8585 0.8629
00 271.500 270.465 0.8879 0.8914
00 271.472 270.362 0.9259 0.9305
00 273.091 272.136 0.8572 0.8599
00 272.752 271.607 0.8520 0.8572
00 272.387 271.252 0.8877 0.8922
00 272.166 271.065 0.9262 0.9309
00 271.460 270.395 0.9072 0.9112
00 271.460 270.472 0.9498 0.9533
00 271.460 270.540 0.9664 0.9697
00 271.460 270.350 0.9450 0.9499
00 271.460 270.493 0.8877 0.8909
00 271.460 270.253 0.9151 0.9207
00 271.460 270.530 0.9656 0.9690
00 271.460 270.229 0.9310 0.9370
00 271.460 270.582 0.8896 0.8926
00 271.460 270.263 0.9012 0.9065
00 271.460 270.525 0.9647 0.9682
00 271.460 270.235 0.9268 0.9327
00 271.460 270.624 0.8879 0.8904
00 271.460 270.317 0.8930 0.8977
00 271.460 270.511 0.9635 0.9670
00 271.460 270.256 0.9243 0.9300
00 271.460 270.657 0.8874 0.8895
00 271.460 270.382 0.8992 0.9032
00 271.460 270.520 0.9635 0.9671
00 271.460 270.316 0.9247 0.9297
00 271.460 270.685 0.8868 0.8886
00 271.460 270.409 0.9042 0.9080
00 271.460 270.537 0.9640 0.9673
00 271.460 270.355 0.9226 0.9272
00 271.460 270.701 0.8855 0.8871
00 271.460 270.444 0.9121 0.9156
00 271.460 270.457 0.9574 0.9612
00 271.460 270.386 0.9196 0.9238
00 271.460 270.714 0.8846 0.8861
00 271.460 270.512 0.9254 0.9288
00 271.460 270.280 0.9390 0.9445
00 271.460 270.413 0.9176 0.9214
00 271.460 270.722 0.8833 0.8847
00 271.460 270.574 0.9353 0.9383
00 271.460 270.245 0.9311 0.9370
00 271.460 270.423 0.9171 0.9209
00 271.460 270.725 0.8830 0.8843
00 271.460 270.590 0.9381 0.9409
00 271.460 270.296 0.9323 0.9376
00 271.460 270.403 0.9119 0.9158
00 271.460 270.730 0.8821 0.8834
00 271.460 270.532 0.9298 0.9333
00 271.460 270.308 0.9286 0.9338
00 271.460 270.399 0.9067 0.9106
00 271.460 270.728 0.8817 0.8830
00 271.460 270.377 0.8972 0.9013
00 271.460 270.337 0.9252 0.9300
00 271.460 270.407 0.9042 0.9079
00 271.460 270.728 0.8816 0.8829
00 271.460 270.317 0.8778 0.8823
00 271.460 270.302 0.9132 0.9183
00 271.460 270.400 0.9047 0.9085
00 271.460 270.729 0.8813 0.8826
00 271.460 270.350 0.8735 0.8776
00 271.460 270.302 0.8942 0.8991
00 271.460 270.378 0.9131 0.9173
00 271.460 270.724 0.8806 0.8820
00 271.460 270.379 0.8665 0.8703
00 271.460 270.384 0.8838 0.8877
00 271.460 270.340 0.9152 0.9198
00 271.461 270.726 0.8802 0.8815
00 271.460 270.419 0.8602 0.8634
00 271.460 270.452 0.8865 0.8897
00 271.461 270.334 0.9155 0.9202
00 272.037 271.241 0.8797 0.8810
00 271.752 270.719 0.8538 0.8579
00 271.518 270.527 0.8823 0.8860
00 271.737 270.599 0.9161 0.9216
00 272.839 271.969 0.8814 0.8836
00 272.521 271.431 0.8468 0.8503
00 272.125 271.060 0.8916 0.8957
00 272.082 270.936 0.9170 0.9222
00 271.460 270.383 0.9027 0.9068
00 271.460 270.410 0.9419 0.9460
00 271.460 270.554 0.9672 0.9704
00 271.460 270.244 0.9334 0.9392
00 271.460 270.517 0.8878 0.8910
00 271.460 270.246 0.9073 0.9129
00 271.460 270.548 0.9666 0.9698
00 271.460 270.217 0.9260 0.9321
00 271.460 270.606 0.8932 0.8959
00 271.460 270.293 0.8986 0.9036
00 271.460 270.517 0.9645 0.9681
00 271.460 270.243 0.9250 0.9308
00 271.460 270.655 0.8962 0.8983
00 271.460 270.344 0.8963 0.9007
00 271.460 270.492 0.9627 0.9662
00 271.460 270.251 0.9221 0.9278
00 271.460 270.678 0.8954 0.8972
00 271.460 270.387 0.9033 0.9073
00 271.460 270.510 0.9630 0.9666
00 271.460 270.330 0.9239 0.9287
00 271.460 270.700 0.8960 0.8976
00 271.460 270.397 0.9053 0.9092
00 271.460 270.523 0.9633 0.9668
00 271.460 270.371 0.9205 0.9249
00 271.460 270.716 0.8949 0.8964
00 271.460 270.434 0.9119 0.9154
00 271.460 270.468 0.9588 0.9625
00 271.460 270.407 0.9172 0.9211
00 271.460 270.729 0.8938 0.8951
00 271.460 270.507 0.9232 0.9266
00 271.460 270.283 0.9408 0.9463
00 271.460 270.433 0.9183 0.9220
00 271.460 270.733 0.8928 0.8941
00 271.460 270.581 0.9354 0.9383
00 271.460 270.252 0.9340 0.9398
00 271.460 270.420 0.9167 0.9204
00 271.460 270.712 0.8903 0.8918
00 271.460 270.591 0.9388 0.9416
00 271.460 270.305 0.9345 0.9398
00 271.460 270.380 0.9078 0.9119
00 271.460 270.684 0.8867 0.8885
00 271.460 270.488 0.9210 0.9244
00 271.460 270.330 0.9313 0.9362
00 271.460 270.375 0.9032 0.9074
00 271.460 270.652 0.8808 0.8829
00 271.460 270.345 0.8866 0.8909
00 271.460 270.339 0.9251 0.9298
00 271.460 270.384 0.9006 0.9046
00 271.460 270.625 0.8766 0.8790
00 271.460 270.344 0.8736 0.8778
00 271.460 270.288 0.9089 0.9140
00 271.460 270.423 0.9027 0.9063
00 271.460 270.605 0.8703 0.8730
00 271.460 270.387 0.8673 0.8709
00 271.460 270.305 0.8890 0.8938
00 271.460 270.414 0.9102 0.9140
00 271.468 270.597 0.8618 0.8646
00 271.460 270.438 0.8624 0.8655
00 271.460 270.372 0.8821 0.8861
00 271.460 270.378 0.9132 0.9174
00 271.758 270.851 0.8544 0.8572
00 271.588 270.598 0.8577 0.8616
00 271.465 270.437 0.8792 0.8824
00 271.461 270.329 0.9080 0.9126
00 272.039 271.103 0.8455 0.8480
00 272.176 271.159 0.8525 0.8558
00 271.788 270.770 0.8760 0.8800
00 272.240 271.072 0.9090 0.9143
00 272.402 271.436 0.8351 0.8375
00 272.218 271.233 0.8468 0.8496
00 272.399 271.350 0.8839 0.8874
00 273.009 271.799 0.9129 0.9187
00 271.460 270.328 0.9069 0.9116
00 271.460 270.484 0.9503 0.9538
00 271.460 270.558 0.9679 0.9711
00 271.460 270.297 0.9400 0.9454
00 271.460 270.401 0.8991 0.9029
00 271.460 270.312 0.9254 0.9304
00 271.460 270.548 0.9670 0.9702
00 271.460 270.215 0.9278 0.9339
00 271.460 270.528 0.8898 0.8931
00 271.460 270.269 0.9061 0.9114
00 271.460 270.540 0.9660 0.9694
00 271.460 270.212 0.9242 0.9303
00 271.460 270.594 0.8880 0.8907
00 271.460 270.312 0.8985 0.9033
00 271.460 270.515 0.9643 0.9678
00 271.460 270.235 0.9237 0.9296
00 271.460 270.634 0.8868 0.8891
00 271.460 270.352 0.8990 0.9033
00 271.460 270.484 0.9622 0.9657
00 271.460 270.255 0.9211 0.9268
00 271.460 270.669 0.8855 0.8875
00 271.460 270.382 0.9070 0.9111
00 271.460 270.492 0.9620 0.9656
00 271.460 270.343 0.9217 0.9264
00 271.460 270.694 0.8834 0.8851
00 271.460 270.397 0.9110 0.9149
00 271.460 270.504 0.9622 0.9658
00 271.460 270.390 0.9174 0.9215
00 271.460 270.706 0.8773 0.8789
00 271.460 270.438 0.9176 0.9211
00 271.460 270.483 0.9600 0.9635
00 271.460 270.428 0.9166 0.9203
00 271.460 270.683 0.8657 0.8675
00 271.460 270.505 0.9227 0.9261
00 271.460 270.381 0.9499 0.9545
00 271.460 270.444 0.9194 0.9229
00 271.460 270.622 0.8527 0.8552
00 271.460 270.583 0.9351 0.9379
00 271.460 270.295 0.9394 0.9448
00 271.460 270.416 0.9159 0.9197
00 271.460 270.564 0.8403 0.8433
00 271.460 270.586 0.9388 0.9416
00 271.460 270.308 0.9353 0.9405
00 271.460 270.376 0.9066 0.9107
00 271.460 270.547 0.8305 0.8335
00 271.460 270.455 0.9126 0.9159
00 271.460 270.358 0.9332 0.9378
00 271.460 270.360 0.9030 0.9073
00 271.460 270.555 0.8301 0.8331
00 271.460 270.344 0.8797 0.8840
00 271.460 270.304 0.9194 0.9245
00 271.460 270.371 0.9002 0.9043
00 271.460 270.571 0.8332 0.8362
00 271.460 270.386 0.8720 0.8757
00 271.460 270.274 0.9012 0.9064
00 271.460 270.423 0.9047 0.9083
00 271.460 270.583 0.8319 0.8348
00 271.460 270.462 0.8685 0.8716
00 271.460 270.336 0.8927 0.8972
00 271.460 270.420 0.9089 0.9126
00 271.541 270.671 0.8266 0.8293
00 271.460 270.537 0.8678 0.8709
00 271.460 270.370 0.8836 0.8876
00 271.460 270.375 0.9072 0.9114
00 272.492 271.504 0.8221 0.8252
00 272.258 271.286 0.8663 0.8690
00 271.867 270.797 0.8743 0.8788
00 271.714 270.572 0.9041 0.9096
00 272.903 271.877 0.8184 0.8220
00 272.702 271.707 0.8631 0.8669
00 272.326 271.258 0.8728 0.8766
00 272.278 271.110 0.9064 0.9115
00 273.256 272.195 0.8150 0.8183
00 273.369 272.315 0.8590 0.8623
00 272.958 271.862 0.8759 0.8804
00 272.301 271.138 0.9054 0.9105
00 271.460 270.240 0.9130 0.9187
00 271.460 270.486 0.9525 0.9561
00 271.460 270.319 0.9542 0.9594
00 271.460 270.206 0.9386 0.9449
00 271.460 270.296 0.9018 0.9068
00 271.460 270.420 0.9412 0.9452
00 271.460 270.474 0.9632 0.9668
00 271.460 270.215 0.9318 0.9380
00 271.460 270.384 0.8921 0.8960
00 271.460 270.278 0.9179 0.9232
00 271.460 270.516 0.9648 0.9684
00 271.460 270.212 0.9274 0.9335
00 271.460 270.499 0.8879 0.8911
00 271.460 270.284 0.9065 0.9117
00 271.460 270.513 0.9644 0.9680
00 271.460 270.206 0.9239 0.9301
00 271.460 270.571 0.8855 0.8885
00 271.460 270.322 0.9016 0.9063
00 271.460 270.501 0.9633 0.9669
00 271.460 270.234 0.9227 0.9285
00 271.460 270.614 0.8780 0.8805
00 271.460 270.335 0.9016 0.9061
00 271.460 270.481 0.9618 0.9654
00 271.460 270.258 0.9189 0.9245
00 271.460 270.636 0.8666 0.8689
00 271.460 270.364 0.9079 0.9122
00 271.460 270.480 0.9612 0.9648
00 271.460 270.360 0.9190 0.9235
00 271.460 270.643 0.8536 0.8559
00 271.460 270.392 0.9144 0.9184
00 271.460 270.482 0.9608 0.9644
00 271.460 270.407 0.9153 0.9192
00 271.460 270.624 0.8452 0.8477
00 271.460 270.457 0.9238 0.9272
00 271.460 270.460 0.9583 0.9620
00 271.460 270.433 0.9168 0.9204
00 271.460 270.551 0.8314 0.8344
00 271.460 270.521 0.9257 0.9291
00 271.460 270.406 0.9526 0.9569
00 271.460 270.446 0.9192 0.9227
00 271.460 270.546 0.8285 0.8315
00 271.460 270.588 0.9344 0.9372
00 271.460 270.335 0.9429 0.9479
00 271.460 270.432 0.9172 0.9208
00 271.460 270.560 0.8259 0.8289
00 271.460 270.576 0.9372 0.9401
00 271.460 270.313 0.9347 0.9398
00 271.460 270.404 0.9119 0.9158
00 271.460 270.571 0.8250 0.8279
00 271.460 270.432 0.9063 0.9099
00 271.460 270.366 0.9322 0.9367
00 271.460 270.378 0.9053 0.9094
00 271.460 270.578 0.8238 0.8267
00 271.460 270.366 0.8785 0.8825
00 271.460 270.280 0.9129 0.9182
00 271.460 270.369 0.9070 0.9113
00 271.460 270.584 0.8223 0.8253
00 271.460 270.433 0.8742 0.8774
00 271.460 270.299 0.9023 0.9072
00 271.460 270.389 0.9066 0.9106
00 271.460 270.591 0.8235 0.8263
00 271.460 270.496 0.8727 0.8758
00 271.460 270.339 0.8975 0.9020
00 271.460 270.400 0.9066 0.9105
00 271.460 270.608 0.8252 0.8279
00 271.486 270.527 0.8676 0.8709
00 271.460 270.367 0.8870 0.8911
00 271.460 270.364 0.9061 0.9104
00 271.490 270.653 0.8198 0.8223
00 271.865 270.881 0.8629 0.8664
00 271.472 270.462 0.8799 0.8832
00 271.492 270.374 0.9024 0.9068
00 271.977 271.078 0.8160 0.8182
00 272.154 271.168 0.8584 0.8614
00 271.992 270.999 0.8658 0.8691
00 271.771 270.650 0.9016 0.9068
00 272.919 271.875 0.8135 0.8172
00 272.459 271.476 0.8561 0.8591
00 272.479 271.474 0.8761 0.8794
00 272.242 271.103 0.9022 0.9071
00 271.460 270.221 0.9183 0.9243
00 271.460 270.390 0.9444 0.9488
00 271.460 270.537 0.9680 0.9713
00 271.460 270.371 0.9515 0.9562
00 271.460 270.167 0.9001 0.9065
00 271.460 270.432 0.9449 0.9488
00 271.460 270.527 0.9670 0.9704
00 271.460 270.265 0.9388 0.9445
00 271.460 270.231 0.8912 0.8968
00 271.460 270.383 0.9361 0.9405
00 271.460 270.482 0.9646 0.9682
00 271.460 270.235 0.9324 0.9384
00 271.460 270.329 0.8844 0.8888
00 271.460 270.262 0.9155 0.9210
00 271.460 270.434 0.9612 0.9653
00 271.460 270.213 0.9279 0.9341
00 271.460 270.436 0.8830 0.8863
00 271.460 270.304 0.9131 0.9181
00 271.460 270.476 0.9630 0.9666
00 271.460 270.214 0.9240 0.9302
00 271.460 270.520 0.8826 0.8858
00 271.460 270.325 0.9085 0.9133
00 271.460 270.486 0.9625 0.9660
00 271.460 270.241 0.9221 0.9279
00 271.460 270.577 0.8733 0.8763
00 271.460 270.322 0.9057 0.9104
00 271.460 270.481 0.9615 0.9651
00 271.460 270.284 0.9183 0.9236
00 271.460 270.592 0.8543 0.8571
00 271.460 270.332 0.9075 0.9122
00 271.460 270.457 0.9591 0.9629
00 271.460 270.379 0.9171 0.9214
00 271.460 270.574 0.8381 0.8411
00 271.460 270.380 0.9153 0.9195
00 271.460 270.454 0.9584 0.9622
00 271.460 270.401 0.9127 0.9166
00 271.460 270.557 0.8337 0.8367
00 271.460 270.478 0.9273 0.9307
00 271.460 270.442 0.9568 0.9607
00 271.460 270.418 0.9151 0.9189
00 271.460 270.569 0.8283 0.8313
00 271.460 270.533 0.9264 0.9298
00 271.460 270.384 0.9506 0.9551
00 271.460 270.440 0.9175 0.9211
00 271.460 270.577 0.8284 0.8313
00 271.460 270.585 0.9326 0.9354
00 271.460 270.288 0.9372 0.9426
00 271.460 270.460 0.9194 0.9228
00 271.460 270.583 0.8241 0.8270
00 271.460 270.562 0.9356 0.9386
00 271.460 270.344 0.9354 0.9402
00 271.460 270.461 0.9211 0.9244
00 271.460 270.602 0.8224 0.8252
00 271.460 270.440 0.9057 0.9091
00 271.460 270.346 0.9274 0.9321
00 271.460 270.422 0.9119 0.9156
00 271.460 270.611 0.8217 0.8244
00 271.460 270.390 0.8795 0.8832
00 271.460 270.283 0.9109 0.9161
00 271.460 270.407 0.9045 0.9083
00 271.460 270.608 0.8227 0.8254
00 271.460 270.432 0.8735 0.8766
00 271.460 270.319 0.9080 0.9128
00 271.460 270.389 0.9010 0.9049
00 271.460 270.606 0.8218 0.8245
00 271.460 270.446 0.8680 0.8711
00 271.460 270.335 0.8983 0.9028
00 271.460 270.365 0.9002 0.9044
00 271.460 270.609 0.8203 0.8229
00 271.460 270.483 0.8621 0.8652
00 271.460 270.359 0.8835 0.8876
00 271.460 270.373 0.9020 0.9062
00 271.580 270.726 0.8185 0.8209
00 271.664 270.710 0.8555 0.8589
00 271.460 270.467 0.8710 0.8741
00 271.632 270.534 0.8995 0.9044
00 272.643 271.641 0.8153 0.8191
00 272.415 271.411 0.8517 0.8544
00 271.839 270.917 0.8642 0.8671
00 272.021 270.903 0.8976 0.9025
00 272.797 271.780 0.8129 0.8166
00 272.599 271.576 0.8433 0.8474
00 272.520 271.561 0.8763 0.8799
00 272.323 271.194 0.8981 0.9027
00 271.460 270.180 0.8992 0.9055
00 271.460 270.390 0.9376 0.9419
00 271.460 270.536 0.9674 0.9708
00 271.460 270.302 0.9422 0.9475
00 271.460 270.193 0.8881 0.8941
00 271.460 270.372 0.9352 0.9396
00 271.460 270.525 0.9665 0.9700
00 271.460 270.229 0.9321 0.9382
00 271.460 270.266 0.8812 0.8864
00 271.460 270.316 0.9250 0.9300
00 271.460 270.508 0.9654 0.9689
00 271.460 270.207 0.9260 0.9322
00 271.460 270.368 0.8834 0.8874
00 271.460 270.340 0.9227 0.9274
00 271.460 270.498 0.9645 0.9681
00 271.460 270.234 0.9250 0.9309
00 271.460 270.451 0.8814 0.8846
00 271.460 270.321 0.9159 0.9207
00 271.460 270.495 0.9637 0.9673
00 271.460 270.256 0.9229 0.9286
00 271.460 270.520 0.8709 0.8740
00 271.460 270.312 0.9117 0.9166
00 271.460 270.461 0.9604 0.9642
00 271.460 270.320 0.9194 0.9243
00 271.460 270.540 0.8513 0.8544
00 271.460 270.330 0.9124 0.9171
00 271.460 270.441 0.9577 0.9617
00 271.460 270.385 0.9169 0.9211
00 271.460 270.536 0.8349 0.8379
00 271.460 270.398 0.9203 0.9244
00 271.460 270.440 0.9573 0.9612
00 271.460 270.400 0.9114 0.9153
00 271.460 270.574 0.8311 0.8341
00 271.460 270.487 0.9271 0.9305
00 271.460 270.432 0.9559 0.9599
00 271.460 270.397 0.9123 0.9163
00 271.460 270.612 0.8254 0.8280
00 271.460 270.532 0.9243 0.9277
00 271.460 270.299 0.9426 0.9480
00 271.460 270.423 0.9147 0.9185
00 271.460 270.625 0.8258 0.8282
00 271.460 270.581 0.9314 0.9342
00 271.460 270.267 0.9331 0.9387
00 271.460 270.462 0.9168 0.9201
00 271.460 270.634 0.8251 0.8275
00 271.460 270.552 0.9335 0.9367
00 271.460 270.355 0.9341 0.9388
00 271.460 270.503 0.9226 0.9260
00 271.460 270.643 0.8247 0.8270
00 271.460 270.456 0.9080 0.9113
00 271.460 270.343 0.9251 0.9298
00 271.460 270.497 0.9211 0.9245
00 271.460 270.629 0.8216 0.8241
00 271.460 270.401 0.8810 0.8846
00 271.460 270.319 0.9159 0.9208
00 271.460 270.487 0.9187 0.9221
00 271.460 270.598 0.8218 0.8246
00 271.460 270.421 0.8714 0.8747
00 271.460 270.323 0.9117 0.9165
00 271.460 270.505 0.9239 0.9273
00 271.460 270.593 0.8254 0.8283
00 271.460 270.447 0.8646 0.8677
00 271.460 270.330 0.9016 0.9062
00 271.460 270.502 0.9226 0.9259
00 271.833 270.923 0.8246 0.8272
00 271.501 270.543 0.8551 0.8586
00 271.460 270.336 0.8864 0.8908
00 271.460 270.456 0.9075 0.9108
00 271.967 271.049 0.8201 0.8225
00 271.765 270.866 0.8481 0.8507
00 271.469 270.422 0.8672 0.8705
00 271.637 270.601 0.8983 0.9027
00 272.164 271.224 0.8172 0.8194
00 272.011 271.176 0.8520 0.8535
00 271.653 270.780 0.8628 0.8654
00 271.891 270.842 0.8959 0.9002
00 272.350 271.380 0.8149 0.8170
00 272.229 271.417 0.8602 0.8611
00 272.191 271.306 0.8761 0.8780
00 272.149 271.081 0.8955 0.8996
00 271.460 270.312 0.9249 0.9299
00 271.460 270.353 0.9354 0.9401
00 271.460 270.501 0.9661 0.9696
00 271.460 270.374 0.9525 0.9571
00 271.460 270.214 0.9017 0.9076
00 271.460 270.362 0.9334 0.9380
00 271.460 270.512 0.9662 0.9698
00 271.460 270.308 0.9430 0.9483
00 271.460 270.246 0.8943 0.8998
00 271.460 270.399 0.9391 0.9433
00 271.460 270.528 0.9667 0.9701
00 271.460 270.263 0.9331 0.9387
00 271.460 270.305 0.8885 0.8932
00 271.460 270.361 0.9321 0.9367
00 271.460 270.522 0.9660 0.9695
00 271.460 270.232 0.9244 0.9303
00 271.460 270.367 0.8880 0.8921
00 271.460 270.392 0.9355 0.9398
00 271.460 270.517 0.9654 0.9690
00 271.460 270.276 0.9309 0.9364
00 271.460 270.392 0.8850 0.8888
00 271.460 270.337 0.9250 0.9298
00 271.460 270.518 0.9648 0.9684
00 271.460 270.278 0.9262 0.9316
00 271.460 270.464 0.8793 0.8825
00 271.460 270.338 0.9210 0.9257
00 271.460 270.494 0.9626 0.9662
00 271.460 270.355 0.9230 0.9276
00 271.460 270.483 0.8545 0.8576
00 271.460 270.371 0.9229 0.9273
00 271.460 270.442 0.9577 0.9616
00 271.460 270.403 0.9210 0.9250
00 271.460 270.509 0.8300 0.8329
00 271.460 270.431 0.9250 0.9287
00 271.460 270.440 0.9573 0.9613
00 271.460 270.401 0.9112 0.9152
00 271.460 270.578 0.8307 0.8337
00 271.460 270.479 0.9217 0.9250
00 271.460 270.395 0.9526 0.9571
00 271.460 270.396 0.9112 0.9152
00 271.460 270.643 0.8312 0.8335
00 271.460 270.526 0.9212 0.9246
00 271.460 270.247 0.9373 0.9432
00 271.460 270.403 0.9120 0.9159
00 271.460 270.661 0.8332 0.8353
00 271.460 270.579 0.9309 0.9338
00 271.460 270.277 0.9328 0.9383
00 271.460 270.412 0.9109 0.9147
00 271.460 270.665 0.8335 0.8356
00 271.460 270.553 0.9327 0.9359
00 271.460 270.342 0.9314 0.9362
00 271.460 270.459 0.9146 0.9180
00 271.460 270.665 0.8340 0.8360
00 271.460 270.480 0.9127 0.9160
00 271.460 270.359 0.9276 0.9322
00 271.460 270.542 0.9231 0.9264
00 271.460 270.637 0.8292 0.8315
00 271.460 270.421 0.8853 0.8887
00 271.460 270.360 0.9227 0.9272
00 271.460 270.594 0.9282 0.9310
00 271.460 270.607 0.8250 0.8277
00 271.460 270.430 0.8727 0.8760
00 271.460 270.329 0.9153 0.9200
00 271.460 270.606 0.9299 0.9325
00 271.460 270.589 0.8229 0.8258
00 271.460 270.447 0.8631 0.8662
00 271.460 270.314 0.9053 0.9101
00 271.460 270.602 0.9294 0.9320
00 271.477 270.605 0.8227 0.8255
00 271.495 270.565 0.8568 0.8602
00 271.460 270.324 0.8951 0.8997
00 271.501 270.649 0.9307 0.9333
00 271.642 270.772 0.8215 0.8240
00 271.782 270.972 0.8595 0.8612
00 271.463 270.340 0.8802 0.8845
00 271.790 270.917 0.9306 0.9331
00 271.713 270.859 0.8216 0.8238
00 271.767 271.055 0.8724 0.8731
00 271.772 270.716 0.8643 0.8687
00 272.043 271.130 0.9290 0.9317
00 272.033 271.128 0.8234 0.8255
00 272.086 271.348 0.8816 0.8821
00 272.178 271.203 0.8612 0.8641
00 272.280 271.315 0.9267 0.9298
00 271.460 270.375 0.9326 0.9370
00 271.460 270.354 0.9350 0.9397
00 271.460 270.505 0.9666 0.9702
00 271.460 270.376 0.9531 0.9577
00 271.460 270.304 0.8968 0.9017
00 271.460 270.412 0.9424 0.9465
00 271.460 270.504 0.9653 0.9689
00 271.460 270.259 0.9277 0.9333
00 271.460 270.434 0.8889 0.8922
00 271.460 270.392 0.9312 0.9355
00 271.460 270.495 0.9629 0.9665
00 271.460 270.441 0.9363 0.9400
00 271.460 270.408 0.8677 0.8711
00 271.460 270.384 0.9260 0.9303
00 271.460 270.455 0.9584 0.9622
00 271.460 270.400 0.9233 0.9274
00 271.460 270.490 0.8421 0.8451
00 271.460 270.448 0.9243 0.9279
00 271.460 270.435 0.9567 0.9607
00 271.460 270.415 0.9137 0.9175
00 271.460 270.558 0.8321 0.8350
00 271.460 270.496 0.9248 0.9282
00 271.460 270.396 0.9527 0.9571
00 271.460 270.404 0.9090 0.9128
00 271.460 270.590 0.8297 0.8326
00 271.460 270.520 0.9204 0.9238
00 271.460 270.247 0.9372 0.9431
00 271.460 270.407 0.9115 0.9153
00 271.460 270.621 0.8279 0.8304
00 271.460 270.575 0.9299 0.9329
00 271.460 270.299 0.9354 0.9407
00 271.460 270.395 0.9090 0.9129
00 271.460 270.658 0.8336 0.8357
00 271.460 270.567 0.9348 0.9378
00 271.460 270.349 0.9338 0.9385
00 271.460 270.404 0.9082 0.9120
00 271.460 270.672 0.8360 0.8379
00 271.460 270.507 0.9200 0.9233
00 271.460 270.378 0.9323 0.9367
00 271.460 270.414 0.9058 0.9095
00 271.460 270.673 0.8396 0.8416
00 271.460 270.444 0.8945 0.8977
00 271.460 270.399 0.9307 0.9348
00 271.460 270.463 0.9058 0.9090
00 271.460 270.657 0.8385 0.8406
00 271.460 270.439 0.8763 0.8794
00 271.460 270.358 0.9227 0.9272
00 271.460 270.522 0.9080 0.9113
00 271.460 270.634 0.8301 0.8325
00 271.466 270.450 0.8653 0.8685
00 271.460 270.300 0.9097 0.9148
00 271.460 270.629 0.9312 0.9335
00 271.473 270.658 0.8294 0.8317
00 271.757 270.746 0.8566 0.8605
00 271.460 270.309 0.9032 0.9081
00 271.545 270.731 0.9377 0.9398
00 271.804 270.961 0.8308 0.8327
00 271.791 270.912 0.8569 0.8593
00 271.502 270.370 0.8955 0.9000
00 271.821 270.988 0.9357 0.9378
00 271.764 270.916 0.8330 0.8350
00 271.904 271.129 0.8620 0.8631
00 271.994 270.822 0.8831 0.8885
00 272.158 271.309 0.9334 0.9354
00 271.976 271.086 0.8347 0.8368
00 272.114 271.368 0.8715 0.8720
00 272.124 270.956 0.8685 0.8736
00 272.304 271.447 0.9311 0.9330
00 271.460 270.342 0.8716 0.8757
00 271.460 270.396 0.9264 0.9305
00 271.460 270.474 0.9596 0.9632
00 271.460 270.409 0.9255 0.9295
00 271.460 270.439 0.8570 0.8601
00 271.460 270.456 0.9241 0.9275
00 271.460 270.442 0.9570 0.9609
00 271.460 270.447 0.9182 0.9217
00 271.460 270.498 0.8422 0.8452
00 271.460 270.528 0.9341 0.9375
00 271.460 270.401 0.9531 0.9574
00 271.460 270.446 0.9123 0.9157
00 271.460 270.552 0.8266 0.8296
00 271.460 270.532 0.9266 0.9300
00 271.460 270.302 0.9428 0.9481
00 271.460 270.456 0.9142 0.9176
00 271.460 270.580 0.8238 0.8267
00 271.460 270.565 0.9286 0.9317
00 271.460 270.306 0.9374 0.9426
00 271.460 270.492 0.9181 0.9214
00 271.460 270.612 0.8309 0.8335
00 271.460 270.578 0.9355 0.9384
00 271.460 270.346 0.9358 0.9406
00 271.460 270.519 0.9186 0.9220
00 271.460 270.597 0.8296 0.8324
00 271.460 270.538 0.9287 0.9321
00 271.460 270.372 0.9348 0.9393
00 271.460 270.530 0.9134 0.9167
00 271.460 270.638 0.8378 0.8401
00 271.460 270.465 0.9060 0.9092
00 271.460 270.422 0.9368 0.9408
00 271.460 270.519 0.9084 0.9117
00 271.460 270.674 0.8433 0.8453
00 271.460 270.410 0.8831 0.8866
00 271.460 270.394 0.9307 0.9349
00 271.460 270.504 0.9012 0.9044
00 271.460 270.672 0.8413 0.8433
00 271.460 270.442 0.8730 0.8762
00 271.460 270.311 0.9167 0.9216
00 271.460 270.471 0.8918 0.8950
00 271.460 270.660 0.8364 0.8385
00 271.470 270.459 0.8608 0.8640
00 271.460 270.325 0.9131 0.9179
00 271.677 270.656 0.8880 0.8922
00 271.980 271.097 0.8376 0.8397
00 271.976 270.937 0.8491 0.8530
00 271.894 270.744 0.9089 0.9143
00 272.227 271.252 0.9177 0.9209
00 271.975 271.070 0.8419 0.8443
00 272.229 271.292 0.8518 0.8541
00 272.511 271.303 0.9027 0.9080
00 272.806 271.922 0.9399 0.9425
00 272.579 271.571 0.8457 0.8497
00 272.928 272.055 0.8642 0.8663
00 272.675 271.465 0.8991 0.9043
00 272.815 271.959 0.9411 0.9433
00 271.460 270.363 0.9523 0.9571
00 271.460 270.560 0.9645 0.9676
00 271.460 270.232 0.9047 0.9105
00 271.460 270.575 0.9627 0.9657
00 271.460 270.344 0.9503 0.9553
00 271.460 270.502 0.9603 0.9638
00 271.460 270.334 0.9068 0.9114
00 271.460 270.503 0.9581 0.9617
00 271.460 270.335 0.9492 0.9543
00 271.460 270.303 0.9437 0.9490
00 271.460 270.340 0.9160 0.9207
00 271.460 270.444 0.9531 0.9570
00 271.460 270.291 0.9460 0.9515
00 271.460 270.186 0.9326 0.9391
00 271.460 270.354 0.9220 0.9265
00 271.460 270.419 0.9483 0.9524
00 271.460 270.274 0.9450 0.9507
00 271.460 270.193 0.9308 0.9372
00 271.460 270.360 0.9236 0.9281
00 271.460 270.376 0.9402 0.9447
00 271.460 270.276 0.9457 0.9514
00 271.460 270.217 0.9295 0.9357
00 271.460 270.373 0.9246 0.9289
00 271.460 270.330 0.9303 0.9352
00 271.460 270.317 0.9492 0.9545
00 271.460 270.240 0.9279 0.9338
00 271.460 270.390 0.9256 0.9298
00 271.460 270.302 0.9239 0.9291
00 271.460 270.412 0.9561 0.9603
00 271.460 270.238 0.9250 0.9309
00 271.460 270.408 0.9266 0.9306
00 271.460 270.323 0.9244 0.9293
00 271.460 270.453 0.9589 0.9627
00 271.460 270.245 0.9232 0.9290
00 271.460 270.410 0.9256 0.9296
00 271.460 270.359 0.9259 0.9304
00 271.460 270.472 0.9600 0.9636
00 271.460 270.261 0.9227 0.9283
00 271.460 270.393 0.9203 0.9244
00 271.460 270.383 0.9245 0.9288
00 271.460 270.481 0.9604 0.9639
00 271.460 270.277 0.9234 0.9289
00 271.460 270.386 0.9138 0.9179
00 271.460 270.420 0.9252 0.9291
00 271.460 270.484 0.9604 0.9639
00 271.460 270.272 0.9236 0.9291
00 271.460 270.387 0.9071 0.9112
00 271.460 270.457 0.9271 0.9306
00 271.460 270.469 0.9594 0.9631
00 271.460 270.244 0.9239 0.9297
00 271.460 270.388 0.9019 0.9059
00 271.460 270.455 0.9245 0.9280
00 271.460 270.435 0.9573 0.9613
00 271.477 270.219 0.9238 0.9301
00 271.460 270.381 0.8973 0.9013
00 271.460 270.449 0.9227 0.9262
00 271.554 270.482 0.9544 0.9588
00 271.779 270.520 0.9273 0.9339
00 271.489 270.404 0.8948 0.8988
00 271.604 270.564 0.9198 0.9243
00 272.201 271.054 0.9489 0.9543
00 272.315 271.093 0.9312 0.9372
00 272.421 271.262 0.8946 0.8994
00 272.390 271.293 0.9179 0.9222
00 272.332 271.157 0.9446 0.9502
00 272.467 271.253 0.9298 0.9354
00 272.571 271.407 0.8956 0.9002
00 272.957 271.817 0.9137 0.9188
00 272.688 271.489 0.9403 0.9459
00 272.817 271.575 0.9261 0.9325
00 272.609 271.466 0.8975 0.9021
00 273.052 271.913 0.9095 0.9145
00 271.460 270.352 0.9508 0.9556
00 271.460 270.533 0.9622 0.9656
00 271.460 270.217 0.9050 0.9109
00 271.460 270.569 0.9624 0.9654
00 271.460 270.291 0.9448 0.9503
00 271.460 270.342 0.9475 0.9525
00 271.460 270.325 0.8975 0.9021
00 271.460 270.536 0.9605 0.9639
00 271.460 270.258 0.9412 0.9470
00 271.460 270.185 0.9330 0.9395
00 271.460 270.348 0.8989 0.9033
00 271.460 270.461 0.9548 0.9585
00 271.460 270.256 0.9392 0.9451
00 271.460 270.196 0.9310 0.9373
00 271.460 270.367 0.9033 0.9075
00 271.460 270.417 0.9494 0.9535
00 271.460 270.269 0.9391 0.9447
00 271.460 270.228 0.9293 0.9354
00 271.460 270.371 0.9056 0.9098
00 271.460 270.410 0.9464 0.9506
00 271.460 270.296 0.9421 0.9475
00 271.460 270.226 0.9252 0.9312
00 271.460 270.377 0.9064 0.9105
00 271.460 270.398 0.9419 0.9462
00 271.460 270.359 0.9488 0.9535
00 271.460 270.212 0.9196 0.9257
00 271.460 270.377 0.9041 0.9083
00 271.460 270.375 0.9349 0.9393
00 271.460 270.414 0.9537 0.9579
00 271.460 270.242 0.9122 0.9179
00 271.460 270.382 0.8990 0.9030
00 271.460 270.351 0.9282 0.9329
00 271.460 270.459 0.9576 0.9614
00 271.460 270.286 0.9073 0.9124
00 271.460 270.393 0.8927 0.8965
00 271.460 270.386 0.9296 0.9339
00 271.460 270.499 0.9607 0.9643
00 271.460 270.297 0.9060 0.9110
00 271.460 270.395 0.8851 0.8888
00 271.460 270.410 0.9296 0.9337
00 271.460 270.489 0.9600 0.9636
00 271.460 270.322 0.9103 0.9151
00 271.460 270.386 0.8777 0.8814
00 271.460 270.445 0.9306 0.9342
00 271.460 270.416 0.9554 0.9596
00 271.460 270.340 0.9146 0.9193
00 271.460 270.392 0.8754 0.8791
00 271.460 270.485 0.9323 0.9358
00 271.460 270.279 0.9437 0.9493
00 271.460 270.320 0.9166 0.9214
00 271.460 270.405 0.8713 0.8748
00 271.460 270.510 0.9349 0.9383
00 271.461 270.235 0.9395 0.9455
00 271.606 270.387 0.9186 0.9242
00 271.460 270.420 0.8637 0.8669
00 271.470 270.541 0.9377 0.9411
00 271.528 270.339 0.9427 0.9483
00 271.977 270.706 0.9231 0.9298
00 271.461 270.448 0.8597 0.8628
00 271.784 270.856 0.9407 0.9439
00 271.926 270.746 0.9448 0.9506
00 272.332 271.065 0.9262 0.9326
00 272.325 271.236 0.8577 0.8615
00 272.660 271.696 0.9427 0.9463
00 272.449 271.243 0.9422 0.9479
00 272.660 271.416 0.9265 0.9323
00 272.886 271.758 0.8596 0.8644
00 273.236 272.229 0.9410 0.9446
00 272.897 271.685 0.9393 0.9453
00 273.111 271.849 0.9210 0.9273
00 272.942 271.823 0.8606 0.8653
00 273.266 272.241 0.9369 0.9407
00 271.460 270.350 0.9491 0.9540
00 271.460 270.411 0.9538 0.9580
00 271.460 270.200 0.9045 0.9106
00 271.460 270.565 0.9621 0.9651
00 271.460 270.270 0.9407 0.9464
00 271.460 270.192 0.9345 0.9409
00 271.460 270.297 0.8977 0.9026
00 271.460 270.566 0.9622 0.9652
00 271.460 270.268 0.9378 0.9434
00 271.460 270.203 0.9318 0.9381
00 271.460 270.317 0.8941 0.8988
00 271.460 270.488 0.9570 0.9606
00 271.460 270.267 0.9357 0.9414
00 271.460 270.234 0.9302 0.9362
00 271.460 270.341 0.8932 0.8976
00 271.460 270.414 0.9501 0.9543
00 271.460 270.260 0.9347 0.9404
00 271.460 270.242 0.9265 0.9323
00 271.460 270.352 0.8916 0.8958
00 271.460 270.403 0.9470 0.9513
00 271.460 270.283 0.9378 0.9433
00 271.460 270.222 0.9197 0.9257
00 271.460 270.359 0.8902 0.8944
00 271.460 270.409 0.9456 0.9498
00 271.460 270.365 0.9468 0.9515
00 271.460 270.261 0.9077 0.9131
00 271.460 270.354 0.8875 0.8917
00 271.460 270.413 0.9438 0.9479
00 271.460 270.471 0.9572 0.9609
00 271.460 270.315 0.9059 0.9108
00 271.460 270.349 0.8846 0.8888
00 271.460 270.414 0.9410 0.9451
00 271.460 270.518 0.9611 0.9646
00 271.460 270.280 0.9052 0.9104
00 271.460 270.348 0.8833 0.8875
00 271.460 270.436 0.9416 0.9455
00 271.460 270.507 0.9605 0.9641
00 271.460 270.266 0.9044 0.9097
00 271.460 270.346 0.8812 0.8854
00 271.460 270.448 0.9405 0.9442
00 271.460 270.370 0.9511 0.9557
00 271.460 270.289 0.9017 0.9068
00 271.460 270.351 0.8789 0.8831
00 271.460 270.462 0.9396 0.9431
00 271.460 270.211 0.9358 0.9421
00 271.460 270.300 0.9053 0.9103
00 271.460 270.367 0.8769 0.8809
00 271.460 270.471 0.9378 0.9413
00 271.460 270.234 0.9344 0.9404
00 271.460 270.256 0.9119 0.9175
00 271.460 270.381 0.8726 0.8764
00 271.460 270.481 0.9367 0.9402
00 271.460 270.241 0.9300 0.9359
00 271.469 270.234 0.9187 0.9247
00 271.460 270.399 0.8677 0.8712
00 271.460 270.483 0.9340 0.9375
00 271.755 270.523 0.9300 0.9364
00 271.773 270.521 0.9225 0.9290
00 271.460 270.420 0.8633 0.8665
00 271.558 270.582 0.9314 0.9353
00 272.398 271.157 0.9367 0.9429
00 272.061 270.821 0.9240 0.9303
00 272.063 270.974 0.8594 0.8637
00 272.085 271.108 0.9332 0.9367
00 272.702 271.529 0.9426 0.9483
00 272.524 271.289 0.9214 0.9272
00 272.414 271.308 0.8576 0.8614
00 272.633 271.654 0.9362 0.9399
00 272.961 271.767 0.9371 0.9429
00 272.871 271.622 0.9080 0.9144
00 272.720 271.591 0.8547 0.8598
00 272.733 271.784 0.9423 0.9456
00 271.460 270.277 0.9405 0.9461
00 271.460 270.201 0.9371 0.9435
00 271.460 270.194 0.9039 0.9101
00 271.460 270.564 0.9614 0.9644
00 271.460 270.290 0.9381 0.9435
00 271.460 270.195 0.9326 0.9390
00 271.460 270.269 0.8991 0.9043
00 271.460 270.580 0.9623 0.9652
00 271.460 270.300 0.9379 0.9432
00 271.460 270.233 0.9313 0.9373
00 271.460 270.279 0.8946 0.8997
00 271.460 270.537 0.9598 0.9632
00 271.460 270.276 0.9368 0.9423
00 271.460 270.278 0.9304 0.9358
00 271.460 270.295 0.8928 0.8977
00 271.460 270.442 0.9528 0.9567
00 271.460 270.253 0.9366 0.9424
00 271.460 270.276 0.9238 0.9292
00 271.460 270.302 0.8913 0.8962
00 271.460 270.408 0.9485 0.9528
00 271.460 270.281 0.9396 0.9451
00 271.460 270.334 0.9161 0.9208
00 271.460 270.310 0.8907 0.8954
00 271.460 270.425 0.9482 0.9523
00 271.460 270.446 0.9544 0.9583
00 271.460 270.420 0.9143 0.9181
00 271.460 270.311 0.8892 0.8939
00 271.460 270.437 0.9481 0.9520
00 271.460 270.529 0.9614 0.9649
00 271.460 270.392 0.9107 0.9147
00 271.460 270.313 0.8881 0.8928
00 271.460 270.444 0.9481 0.9519
00 271.460 270.543 0.9624 0.9657
00 271.460 270.326 0.9056 0.9103
00 271.460 270.326 0.8878 0.8923
00 271.460 270.455 0.9484 0.9522
00 271.460 270.419 0.9543 0.9584
00 271.460 270.271 0.9056 0.9109
00 271.460 270.333 0.8859 0.8903
00 271.460 270.473 0.9493 0.9528
00 271.460 270.192 0.9340 0.9405
00 271.460 270.247 0.9107 0.9163
00 271.460 270.337 0.8829 0.8872
00 271.460 270.489 0.9498 0.9533
00 271.460 270.217 0.9306 0.9368
00 271.460 270.230 0.9138 0.9196
00 271.460 270.338 0.8790 0.8833
00 271.460 270.499 0.9497 0.9532
00 271.460 270.264 0.9234 0.9290
00 271.460 270.236 0.9173 0.9231
00 271.460 270.353 0.8760 0.8801
00 271.460 270.513 0.9497 0.9532
00 271.460 270.393 0.9299 0.9341
00 271.538 270.327 0.9199 0.9255
00 271.460 270.373 0.8734 0.8772
00 271.462 270.532 0.9494 0.9529
00 271.457 270.339 0.9340 0.9388
00 271.892 270.670 0.9196 0.9258
00 271.480 270.406 0.8714 0.8751
00 271.637 270.708 0.9485 0.9518
00 271.880 270.740 0.9379 0.9433
00 271.894 270.697 0.9173 0.9232
00 272.173 271.039 0.8705 0.8751
00 272.143 271.195 0.9460 0.9492
00 272.294 271.157 0.9366 0.9416
00 272.123 270.949 0.9053 0.9107
00 272.482 271.324 0.8682 0.8726
00 272.635 271.650 0.9401 0.9439
00 272.841 271.652 0.9265 0.9323
00 272.946 271.829 0.9078 0.9127
00 273.284 272.048 0.8654 0.8709
00 273.311 272.255 0.9302 0.9342
00 271.460 270.247 0.9387 0.9446
00 271.460 270.323 0.9484 0.9535
00 271.460 270.166 0.9245 0.9311
00 271.460 270.563 0.9618 0.9648
00 271.460 270.294 0.9370 0.9424
00 271.460 270.179 0.9335 0.9401
00 271.460 270.179 0.9067 0.9130
00 271.460 270.568 0.9608 0.9638
00 271.460 270.305 0.9380 0.9432
00 271.460 270.193 0.9308 0.9372
00 271.460 270.234 0.9009 0.9065
00 271.460 270.583 0.9615 0.9644
00 271.460 270.280 0.9380 0.9435
00 271.460 270.276 0.9323 0.9379
00 271.460 270.243 0.8970 0.9026
00 271.460 270.581 0.9621 0.9649
00 271.460 270.272 0.9390 0.9446
00 271.460 270.338 0.9317 0.9365
00 271.460 270.263 0.8959 0.9012
00 271.460 270.524 0.9582 0.9617
00 271.460 270.253 0.9384 0.9442
00 271.460 270.361 0.9215 0.9260
00 271.460 270.274 0.8949 0.9001
00 271.460 270.460 0.9531 0.9568
00 271.460 270.303 0.9423 0.9476
00 271.460 270.447 0.9197 0.9232
00 271.460 270.282 0.8940 0.8990
00 271.460 270.455 0.9514 0.9552
00 271.460 270.504 0.9595 0.9630
00 271.460 270.486 0.9207 0.9241
00 271.460 270.289 0.8932 0.8982
00 271.460 270.469 0.9515 0.9551
00 271.460 270.547 0.9626 0.9658
00 271.460 270.507 0.9199 0.9233
00 271.460 270.299 0.8926 0.8974
00 271.460 270.487 0.9522 0.9558
00 271.460 270.516 0.9604 0.9640
00 271.460 270.516 0.9200 0.9234
00 271.460 270.305 0.8913 0.8961
00 271.460 270.496 0.9526 0.9561
00 271.460 270.248 0.9390 0.9449
00 271.460 270.494 0.9187 0.9220
00 271.460 270.304 0.8890 0.8938
00 271.460 270.509 0.9532 0.9568
00 271.460 270.196 0.9315 0.9379
00 271.460 270.447 0.9148 0.9182
00 271.460 270.305 0.8864 0.8911
00 271.460 270.526 0.9544 0.9579
00 271.460 270.244 0.9267 0.9326
00 271.460 270.411 0.9131 0.9169
00 271.460 270.311 0.8835 0.8881
00 271.460 270.541 0.9554 0.9587
00 271.460 270.306 0.9154 0.9204
00 271.464 270.395 0.9118 0.9158
00 271.460 270.326 0.8811 0.8856
00 271.460 270.551 0.9556 0.9588
00 271.460 270.401 0.9209 0.9249
00 271.688 270.612 0.9104 0.9152
00 271.460 270.346 0.8802 0.8844
00 271.464 270.559 0.9553 0.9585
00 271.551 270.457 0.9211 0.9254
00 272.021 270.976 0.9106 0.9147
00 271.460 270.357 0.8785 0.8826
00 271.736 270.826 0.9542 0.9573
00 272.487 271.330 0.9194 0.9243
00 272.298 271.309 0.9128 0.9161
00 272.010 270.866 0.8772 0.8822
00 272.330 271.401 0.9525 0.9555
00 273.076 271.911 0.9162 0.9215
00 272.951 271.988 0.9251 0.9284
00 273.213 271.961 0.8766 0.8824
00 273.335 272.364 0.9498 0.9530
00 273.456 272.286 0.9120 0.9169
00 273.588 272.614 0.9336 0.9372
00 273.921 272.606 0.8749 0.8816
00 274.051 273.028 0.9452 0.9490
00 271.460 270.208 0.9397 0.9461
00 271.460 270.298 0.9494 0.9549
00 271.460 270.142 0.9315 0.9385
00 271.460 270.556 0.9607 0.9639
00 271.460 270.221 0.9342 0.9403
00 271.460 270.186 0.9368 0.9433
00 271.460 270.148 0.9242 0.9310
00 271.460 270.565 0.9608 0.9638
00 271.460 270.222 0.9310 0.9371
00 271.460 270.165 0.9316 0.9383
00 271.460 270.168 0.9124 0.9189
00 271.460 270.579 0.9613 0.9642
00 271.460 270.277 0.9358 0.9413
00 271.460 270.205 0.9294 0.9357
00 271.460 270.201 0.9047 0.9108
00 271.460 270.589 0.9618 0.9646
00 271.460 270.282 0.9390 0.9445
00 271.460 270.337 0.9337 0.9385
00 271.460 270.216 0.9009 0.9068
00 271.460 270.605 0.9633 0.9659
00 271.460 270.271 0.9396 0.9453
00 271.460 270.399 0.9301 0.9342
00 271.460 270.229 0.8987 0.9044
00 271.460 270.591 0.9620 0.9648
00 271.460 270.272 0.9401 0.9458
00 271.460 270.441 0.9235 0.9272
00 271.460 270.244 0.8970 0.9025
00 271.460 270.560 0.9592 0.9623
00 271.460 270.395 0.9506 0.9550
00 271.460 270.461 0.9214 0.9248
00 271.460 270.271 0.8977 0.9029
00 271.460 270.540 0.9570 0.9603
00 271.460 270.517 0.9608 0.9643
00 271.460 270.433 0.9177 0.9214
00 271.460 270.286 0.8979 0.9029
00 271.460 270.540 0.9562 0.9595
00 271.460 270.555 0.9632 0.9664
00 271.460 270.436 0.9151 0.9187
00 271.460 270.291 0.8971 0.9021
00 271.460 270.548 0.9562 0.9595
00 271.460 270.440 0.9554 0.9594
00 271.460 270.451 0.9124 0.9158
00 271.460 270.308 0.8971 0.9019
00 271.460 270.551 0.9559 0.9591
00 271.460 270.196 0.9338 0.9402
00 271.460 270.471 0.9116 0.9149
00 271.460 270.328 0.8968 0.9014
00 271.460 270.561 0.9560 0.9591
00 271.460 270.212 0.9301 0.9363
00 271.460 270.519 0.9169 0.9202
00 271.460 270.356 0.8963 0.9006
00 271.460 270.573 0.9563 0.9593
00 271.460 270.253 0.9223 0.9280
00 271.460 270.579 0.9284 0.9313
00 271.460 270.389 0.8957 0.8996
00 271.460 270.583 0.9569 0.9597
00 271.460 270.349 0.9112 0.9157
00 271.460 270.616 0.9348 0.9373
00 271.460 270.427 0.8967 0.9002
00 271.460 270.592 0.9576 0.9603
00 271.460 270.430 0.9076 0.9112
00 271.467 270.646 0.9370 0.9392
00 271.460 270.449 0.8974 0.9006
00 271.460 270.599 0.9581 0.9608
00 271.460 270.436 0.9089 0.9124
00 271.808 270.973 0.9351 0.9372
00 271.460 270.457 0.8976 0.9009
00 271.521 270.664 0.9580 0.9606
00 271.630 270.620 0.9104 0.9146
00 272.140 271.279 0.9372 0.9393
00 271.517 270.503 0.8964 0.9002
00 272.111 271.239 0.9574 0.9598
00 272.412 271.383 0.9114 0.9150
00 272.935 272.002 0.9332 0.9362
00 273.206 272.030 0.8948 0.8999
00 273.323 272.400 0.9550 0.9578
00 273.092 272.031 0.9117 0.9158
00 273.260 272.245 0.9233 0.9268
00 273.240 272.049 0.8936 0.8988
00 273.083 272.136 0.9510 0.9541
00 271.460 270.386 0.9557 0.9602
00 271.460 270.391 0.9549 0.9594
00 271.460 270.198 0.9391 0.9456
00 271.460 270.539 0.9593 0.9626
00 271.460 270.257 0.9416 0.9475
00 271.460 270.262 0.9435 0.9493
00 271.460 270.149 0.9299 0.9368
00 271.460 270.544 0.9590 0.9623
00 271.460 270.220 0.9338 0.9399
00 271.460 270.176 0.9342 0.9408
00 271.460 270.147 0.9233 0.9301
00 271.460 270.571 0.9608 0.9637
00 271.460 270.223 0.9312 0.9373
00 271.460 270.171 0.9294 0.9360
00 271.460 270.198 0.9187 0.9249
00 271.460 270.584 0.9617 0.9645
00 271.460 270.268 0.9348 0.9405
00 271.460 270.246 0.9281 0.9339
00 271.460 270.260 0.9164 0.9219
00 271.460 270.599 0.9627 0.9654
00 271.460 270.302 0.9399 0.9452
00 271.460 270.361 0.9296 0.9342
00 271.460 270.312 0.9144 0.9193
00 271.460 270.611 0.9635 0.9661
00 271.460 270.278 0.9398 0.9454
00 271.460 270.451 0.9257 0.9292
00 271.460 270.348 0.9130 0.9176
00 271.460 270.609 0.9628 0.9653
00 271.460 270.279 0.9406 0.9462
00 271.460 270.536 0.9357 0.9390
00 271.460 270.387 0.9136 0.9177
00 271.460 270.600 0.9612 0.9639
00 271.460 270.442 0.9551 0.9591
00 271.460 270.545 0.9356 0.9389
00 271.460 270.428 0.9152 0.9189
00 271.460 270.598 0.9602 0.9629
00 271.460 270.536 0.9621 0.9655
00 271.460 270.497 0.9290 0.9324
00 271.460 270.462 0.9173 0.9207
00 271.460 270.603 0.9598 0.9624
00 271.460 270.548 0.9628 0.9660
00 271.460 270.467 0.9252 0.9286
00 271.460 270.491 0.9190 0.9223
00 271.460 270.601 0.9593 0.9619
00 271.460 270.334 0.9469 0.9519
00 271.460 270.462 0.9233 0.9266
00 271.460 270.519 0.9201 0.9235
00 271.460 270.597 0.9581 0.9608
00 271.460 270.187 0.9323 0.9388
00 271.460 270.461 0.9206 0.9239
00 271.460 270.546 0.9203 0.9236
00 271.460 270.598 0.9573 0.9600
00 271.460 270.224 0.9286 0.9347
00 271.460 270.457 0.9148 0.9182
00 271.460 270.562 0.9181 0.9212
00 271.460 270.595 0.9560 0.9587
00 271.460 270.277 0.9198 0.9252
00 271.460 270.461 0.9067 0.9100
00 271.460 270.582 0.9168 0.9197
00 271.460 270.584 0.9545 0.9573
00 271.460 270.373 0.9079 0.9121
00 271.460 270.480 0.9025 0.9058
00 271.460 270.607 0.9188 0.9214
00 271.460 270.572 0.9531 0.9561
00 271.460 270.433 0.9058 0.9093
00 271.469 270.514 0.8977 0.9010
00 271.460 270.629 0.9205 0.9229
00 271.460 270.566 0.9523 0.9553
00 271.460 270.443 0.9052 0.9086
00 271.742 270.776 0.8946 0.8982
00 271.460 270.639 0.9201 0.9223
00 271.460 270.566 0.9519 0.9549
00 271.614 270.610 0.9039 0.9080
00 272.013 271.022 0.8951 0.8985
00 271.629 270.803 0.9190 0.9212
00 271.788 270.894 0.9528 0.9556
00 272.298 271.288 0.9075 0.9109
00 272.158 271.156 0.8966 0.9000
00 272.485 271.613 0.9203 0.9230
00 272.719 271.803 0.9530 0.9560
00 272.609 271.609 0.9090 0.9130
00 272.602 271.572 0.8983 0.9026
00 272.734 271.846 0.9198 0.9224
00 272.914 271.996 0.9521 0.9550
00 271.460 270.298 0.9454 0.9508
00 271.460 270.225 0.9375 0.9436
00 271.460 270.178 0.9321 0.9387
00 271.460 270.581 0.9612 0.9640
00 271.460 270.252 0.9353 0.9411
00 271.460 270.176 0.9304 0.9370
00 271.460 270.156 0.9250 0.9317
00 271.460 270.582 0.9609 0.9638
00 271.460 270.262 0.9338 0.9395
00 271.460 270.196 0.9263 0.9326
00 271.460 270.227 0.9230 0.9290
00 271.460 270.593 0.9618 0.9645
00 271.460 270.253 0.9343 0.9401
00 271.460 270.253 0.9221 0.9277
00 271.460 270.308 0.9242 0.9293
00 271.460 270.603 0.9623 0.9649
00 271.460 270.316 0.9397 0.9449
00 271.460 270.405 0.9253 0.9294
00 271.460 270.376 0.9240 0.9284
00 271.460 270.611 0.9624 0.9650
00 271.460 270.304 0.9409 0.9462
00 271.460 270.495 0.9232 0.9265
00 271.460 270.432 0.9241 0.9278
00 271.460 270.608 0.9616 0.9641
00 271.460 270.283 0.9404 0.9459
00 271.460 270.558 0.9333 0.9364
00 271.460 270.467 0.9239 0.9273
00 271.460 270.598 0.9596 0.9623
00 271.460 270.430 0.9540 0.9580
00 271.460 270.593 0.9405 0.9433
00 271.460 270.483 0.9230 0.9264
00 271.460 270.582 0.9569 0.9597
00 271.460 270.545 0.9629 0.9661
00 271.460 270.576 0.9398 0.9427
00 271.460 270.499 0.9229 0.9263
00 271.460 270.568 0.9539 0.9569
00 271.460 270.529 0.9616 0.9650
00 271.460 270.555 0.9374 0.9405
00 271.460 270.517 0.9233 0.9267
00 271.460 270.550 0.9507 0.9539
00 271.460 270.274 0.9418 0.9474
00 271.460 270.549 0.9358 0.9390
00 271.460 270.540 0.9240 0.9273
00 271.460 270.518 0.9444 0.9479
00 271.460 270.193 0.9318 0.9383
00 271.460 270.543 0.9333 0.9366
00 271.460 270.564 0.9239 0.9270
00 271.460 270.477 0.9365 0.9399
00 271.460 270.234 0.9269 0.9328
00 271.460 270.529 0.9298 0.9332
00 271.460 270.585 0.9234 0.9262
00 271.460 270.469 0.9349 0.9383
00 271.460 270.301 0.9162 0.9213
00 271.460 270.505 0.9230 0.9264
00 271.460 270.592 0.9225 0.9253
00 271.460 270.451 0.9327 0.9363
00 271.460 270.408 0.9058 0.9096
00 271.461 270.490 0.9142 0.9176
00 271.460 270.602 0.9233 0.9259
00 271.460 270.442 0.9319 0.9355
00 271.460 270.444 0.9031 0.9065
00 271.632 270.641 0.9047 0.9086
00 271.460 270.608 0.9227 0.9253
00 271.460 270.439 0.9311 0.9349
00 271.726 270.691 0.8991 0.9034
00 272.037 271.003 0.8985 0.9025
00 271.831 270.965 0.9214 0.9238
00 271.780 270.745 0.9304 0.9348
00 272.241 271.193 0.9005 0.9044
00 272.249 271.202 0.9004 0.9042
00 272.252 271.363 0.9201 0.9224
00 272.051 271.010 0.9298 0.9340
00 272.496 271.449 0.9048 0.9083
00 272.575 271.502 0.9002 0.9044
00 272.693 271.787 0.9211 0.9240
00 272.474 271.426 0.9307 0.9345
00 272.644 271.627 0.9087 0.9128
00 272.704 271.627 0.8932 0.8978
00 273.128 272.198 0.9202 0.9229
00 273.229 272.169 0.9329 0.9371
00 271.460 270.426 0.9594 0.9635
00 271.460 270.299 0.9436 0.9490
00 271.460 270.412 0.9547 0.9589
00 271.460 270.274 0.9246 0.9301
00 271.460 270.394 0.9552 0.9596
00 271.460 270.204 0.9321 0.9384
00 271.460 270.340 0.9476 0.9525
00 271.460 270.457 0.9471 0.9507
00 271.460 270.378 0.9487 0.9533
00 271.460 270.184 0.9268 0.9333
00 271.460 270.245 0.9352 0.9410
00 271.460 270.461 0.9462 0.9498
00 271.460 270.292 0.9378 0.9432
00 271.460 270.223 0.9203 0.9263
00 271.460 270.219 0.9252 0.9313
00 271.460 270.459 0.9443 0.9479
00 271.460 270.272 0.9374 0.9430
00 271.460 270.386 0.9248 0.9290
00 271.460 270.290 0.9282 0.9335
00 271.460 270.399 0.9335 0.9377
00 271.460 270.303 0.9375 0.9428
00 271.460 270.432 0.9237 0.9274
00 271.460 270.327 0.9259 0.9308
00 271.460 270.389 0.9285 0.9328
00 271.460 270.366 0.9445 0.9492
00 271.460 270.517 0.9176 0.9210
00 271.460 270.375 0.9246 0.9290
00 271.460 270.394 0.9272 0.9314
00 271.460 270.304 0.9410 0.9463
00 271.460 270.535 0.9185 0.9219
00 271.460 270.428 0.9245 0.9283
00 271.460 270.388 0.9255 0.9297
00 271.460 270.433 0.9542 0.9583
00 271.460 270.582 0.9292 0.9321
00 271.460 270.465 0.9255 0.9289
00 271.460 270.376 0.9224 0.9268
00 271.460 270.550 0.9633 0.9665
00 271.460 270.601 0.9392 0.9419
00 271.460 270.493 0.9262 0.9296
00 271.460 270.382 0.9209 0.9252
00 271.460 270.516 0.9609 0.9644
00 271.460 270.586 0.9382 0.9410
00 271.460 270.508 0.9255 0.9289
00 271.460 270.383 0.9186 0.9228
00 271.460 270.240 0.9388 0.9448
00 271.460 270.558 0.9343 0.9374
00 271.460 270.532 0.9258 0.9292
00 271.460 270.384 0.9175 0.9217
00 271.460 270.199 0.9308 0.9371
00 271.460 270.496 0.9247 0.9280
00 271.460 270.551 0.9248 0.9280
00 271.460 270.380 0.9163 0.9206
00 271.460 270.239 0.9247 0.9306
00 271.460 270.368 0.9011 0.9053
00 271.460 270.564 0.9231 0.9262
00 271.460 270.380 0.9151 0.9193
00 271.460 270.327 0.9144 0.9192
00 271.460 270.319 0.8906 0.8953
00 271.460 270.578 0.9231 0.9260
00 271.460 270.381 0.9144 0.9186
00 271.460 270.440 0.9024 0.9058
00 271.460 270.311 0.8857 0.8903
00 271.460 270.591 0.9240 0.9268
00 271.460 270.377 0.9136 0.9178
00 271.460 270.473 0.9038 0.9070
00 271.460 270.356 0.8922 0.8964
00 271.460 270.611 0.9254 0.9280
00 271.509 270.420 0.9133 0.9176
00 271.467 270.463 0.8956 0.8989
00 271.669 270.624 0.8961 0.9005
00 271.545 270.712 0.9271 0.9294
00 271.765 270.658 0.9132 0.9182
00 272.021 270.998 0.9013 0.9052
00 271.897 270.891 0.9042 0.9080
00 271.728 270.896 0.9273 0.9295
00 271.975 270.870 0.9145 0.9193
00 272.377 271.370 0.9148 0.9181
00 272.114 271.074 0.9004 0.9043
00 272.161 271.311 0.9290 0.9310
00 271.919 270.845 0.9174 0.9220
00 272.752 271.752 0.9171 0.9209
00 272.412 271.352 0.8857 0.8894
00 272.583 271.703 0.9283 0.9310
00 272.486 271.394 0.9196 0.9239
00 271.460 270.440 0.9604 0.9644
00 271.460 270.300 0.9399 0.9453
00 271.460 270.481 0.9590 0.9626
00 271.460 270.243 0.9165 0.9222
00 271.460 270.330 0.9440 0.9491
00 271.460 270.307 0.9246 0.9297
00 271.460 270.331 0.9431 0.9482
00 271.460 270.292 0.9130 0.9181
00 271.460 270.422 0.9490 0.9531
00 271.460 270.514 0.9159 0.9193
00 271.460 270.347 0.9307 0.9354
00 271.460 270.444 0.9195 0.9230
00 271.460 270.313 0.9416 0.9468
00 271.460 270.457 0.8991 0.9024
00 271.460 270.364 0.9253 0.9297
00 271.460 270.464 0.9194 0.9228
00 271.460 270.403 0.9515 0.9558
00 271.460 270.536 0.9020 0.9052
00 271.460 270.426 0.9254 0.9292
00 271.460 270.468 0.9191 0.9225
00 271.460 270.544 0.9629 0.9661
00 271.460 270.552 0.9057 0.9089
00 271.460 270.462 0.9255 0.9289
00 271.460 270.471 0.9190 0.9223
00 271.460 270.497 0.9597 0.9633
00 271.460 270.523 0.9081 0.9114
00 271.460 270.498 0.9274 0.9308
00 271.460 270.487 0.9202 0.9236
00 271.460 270.212 0.9358 0.9420
00 271.460 270.421 0.8942 0.8977
00 271.460 270.528 0.9288 0.9323
00 271.460 270.494 0.9199 0.9232
00 271.460 270.199 0.9296 0.9359
00 271.460 270.346 0.8676 0.8717
00 271.460 270.549 0.9279 0.9311
00 271.460 270.497 0.9168 0.9202
00 271.460 270.230 0.9222 0.9282
00 271.460 270.373 0.8643 0.8680
00 271.460 270.562 0.9261 0.9292
00 271.460 270.490 0.9127 0.9161
00 271.460 270.339 0.9134 0.9180
00 271.460 270.463 0.8601 0.8632
00 271.460 270.579 0.9256 0.9285
00 271.460 270.482 0.9094 0.9127
00 271.460 270.468 0.9062 0.9095
00 271.466 270.665 0.8682 0.8703
00 271.460 270.598 0.9258 0.9285
00 271.460 270.463 0.9044 0.9077
00 271.461 270.488 0.9061 0.9094
00 271.812 270.930 0.8671 0.8695
00 271.460 270.618 0.9266 0.9291
00 271.474 270.460 0.9025 0.9059
00 271.652 270.639 0.8982 0.9023
00 272.108 271.046 0.8757 0.8798
00 271.467 270.643 0.9270 0.9293
00 271.794 270.747 0.9029 0.9073
00 272.081 271.048 0.9036 0.9075
00 272.175 271.115 0.8920 0.8960
00 271.860 271.029 0.9272 0.9293
00 272.068 270.995 0.9037 0.9080
00 272.383 271.384 0.9162 0.9195
00 271.973 270.954 0.8925 0.8963
00 272.026 271.200 0.9306 0.9325
00 272.134 271.050 0.9045 0.9089
00 272.560 271.577 0.9191 0.9229
00 272.339 271.401 0.8969 0.8994
00 272.358 271.515 0.9322 0.9345
00 272.421 271.315 0.9061 0.9105
00 271.460 270.367 0.9456 0.9502
00 271.460 270.398 0.8871 0.8908
00 271.460 270.290 0.9244 0.9297
00 271.460 270.459 0.9225 0.9259
00 271.460 270.416 0.9517 0.9559
00 271.460 270.400 0.8762 0.8797
00 271.460 270.358 0.9259 0.9304
00 271.460 270.390 0.9119 0.9160
00 271.460 270.533 0.9618 0.9652
00 271.460 270.414 0.8727 0.8761
00 271.460 270.415 0.9262 0.9301
00 271.460 270.355 0.9046 0.9089
00 271.460 270.465 0.9574 0.9611
00 271.460 270.411 0.8686 0.8720
00 271.460 270.463 0.9267 0.9301
00 271.460 270.346 0.9001 0.9045
00 271.460 270.203 0.9337 0.9400
00 271.460 270.398 0.8613 0.8648
00 271.460 270.496 0.9274 0.9308
00 271.460 270.335 0.8979 0.9024
00 271.460 270.202 0.9285 0.9348
00 271.460 270.436 0.8566 0.8597
00 271.460 270.520 0.9281 0.9315
00 271.460 270.327 0.8983 0.9029
00 271.460 270.237 0.9221 0.9279
00 271.460 270.480 0.8521 0.8552
00 271.460 270.539 0.9284 0.9317
00 271.460 270.328 0.9008 0.9054
00 271.460 270.340 0.9123 0.9169
00 271.460 270.589 0.8638 0.8667
00 271.460 270.551 0.9275 0.9307
00 271.460 270.367 0.9065 0.9107
00 271.460 270.461 0.9065 0.9098
00 271.460 270.716 0.8827 0.8841
00 271.460 270.563 0.9255 0.9286
00 271.460 270.421 0.9107 0.9144
00 271.473 270.521 0.9065 0.9099
00 271.481 270.698 0.8868 0.8886
00 271.460 270.585 0.9253 0.9281
00 271.464 270.482 0.9125 0.9159
00 271.894 270.895 0.9013 0.9050
00 271.806 270.928 0.8877 0.8902
00 271.460 270.599 0.9237 0.9264
00 271.610 270.654 0.9120 0.9155
00 272.196 271.145 0.8987 0.9026
00 272.222 271.287 0.8896 0.8921
00 271.804 270.950 0.9274 0.9297
00 272.073 271.092 0.9088 0.9121
00 272.387 271.367 0.9098 0.9132
00 272.578 271.664 0.9004 0.9034
00 272.677 271.778 0.9270 0.9299
00 272.610 271.576 0.9075 0.9118
00 272.651 271.688 0.9225 0.9260
00 272.832 271.920 0.9070 0.9098
00 272.931 272.020 0.9265 0.9293
00 272.809 271.730 0.9045 0.9091
00 272.809 271.730 0.9045 0.9091
