00 271.460 270.332 0.8708 0.8751
00 271.460 270.207 0.9185 0.9246
00 271.460 270.336 0.8629 0.8671
00 271.460 270.268 0.9331 0.9387
00 271.460 270.367 0.8658 0.8696
00 271.460 270.251 0.9212 0.9269
00 271.460 270.386 0.8697 0.8733
00 271.460 270.249 0.9262 0.9319
00 271.460 270.380 0.8591 0.8627
00 271.460 270.265 0.9222 0.9278
00 271.460 270.396 0.8740 0.8776
00 271.460 270.322 0.9361 0.9412
00 271.460 270.393 0.8538 0.8572
00 271.460 270.274 0.9235 0.9290
00 271.460 270.395 0.8759 0.8795
00 271.460 270.496 0.9574 0.9609
00 271.460 270.415 0.8558 0.8590
00 271.460 270.287 0.9252 0.9305
00 271.460 270.398 0.8776 0.8812
00 271.460 270.443 0.9545 0.9584
00 271.460 270.413 0.8553 0.8585
00 271.460 270.293 0.9258 0.9310
00 271.460 270.396 0.8785 0.8822
00 271.460 270.383 0.9501 0.9546
00 271.460 270.402 0.8541 0.8574
00 271.460 270.296 0.9254 0.9306
00 271.460 270.385 0.8778 0.8816
00 271.460 270.344 0.9467 0.9516
00 271.460 270.393 0.8542 0.8576
00 271.460 270.296 0.9238 0.9290
00 271.460 270.374 0.8768 0.8807
00 271.460 270.309 0.9432 0.9485
00 271.460 270.393 0.8559 0.8594
00 271.460 270.297 0.9206 0.9258
00 271.460 270.362 0.8761 0.8801
00 271.460 270.258 0.9389 0.9447
00 271.460 270.391 0.8553 0.8588
00 271.460 270.314 0.9184 0.9233
00 271.460 270.360 0.8751 0.8791
00 271.460 270.258 0.9391 0.9449
00 271.460 270.391 0.8544 0.8578
00 271.460 270.334 0.9155 0.9202
00 271.460 270.375 0.8731 0.8769
00 271.460 270.335 0.9451 0.9501
00 271.460 270.392 0.8513 0.8547
00 271.460 270.351 0.9126 0.9171
00 271.460 270.390 0.8711 0.8747
00 271.460 270.375 0.9484 0.9530
00 271.460 270.405 0.8523 0.8556
00 271.460 270.361 0.9083 0.9126
00 271.460 270.415 0.8692 0.8726
00 271.460 270.360 0.9472 0.9520
00 271.460 270.408 0.8505 0.8538
00 271.460 270.365 0.9012 0.9054
00 271.461 270.434 0.8647 0.8678
00 271.460 270.363 0.9468 0.9515
00 271.594 270.534 0.8500 0.8543
00 271.462 270.399 0.9029 0.9068
00 271.849 270.790 0.8632 0.8675
00 271.682 270.570 0.9437 0.9489
00 272.680 271.488 0.8490 0.8539
00 273.022 271.877 0.9096 0.9147
00 272.596 271.466 0.8680 0.8723
00 272.756 271.650 0.9452 0.9502
00 273.676 272.372 0.8489 0.8543
00 273.504 272.334 0.9134 0.9183
00 273.187 272.015 0.8746 0.8796
00 273.474 272.366 0.9454 0.9499
00 273.606 272.316 0.8457 0.8510
00 273.454 272.348 0.9222 0.9265
00 273.283 272.139 0.8822 0.8868
00 273.441 272.352 0.9451 0.9494
00 271.460 270.331 0.8709 0.8752
00 271.460 270.224 0.9224 0.9284
00 271.460 270.362 0.8575 0.8613
00 271.460 270.274 0.9344 0.9399
00 271.460 270.355 0.8649 0.8688
00 271.460 270.262 0.9242 0.9298
00 271.460 270.425 0.8588 0.8619
00 271.460 270.246 0.9259 0.9317
00 271.460 270.370 0.8615 0.8653
00 271.460 270.280 0.9257 0.9311
00 271.460 270.422 0.8617 0.8649
00 271.460 270.248 0.9217 0.9274
00 271.460 270.372 0.8583 0.8621
00 271.460 270.279 0.9256 0.9311
00 271.460 270.430 0.8654 0.8685
00 271.460 270.349 0.9391 0.9439
00 271.460 270.366 0.8566 0.8604
00 271.460 270.273 0.9252 0.9307
00 271.460 270.428 0.8659 0.8691
00 271.460 270.493 0.9563 0.9598
00 271.460 270.362 0.8594 0.8632
00 271.460 270.277 0.9261 0.9315
00 271.460 270.423 0.8671 0.8703
00 271.460 270.467 0.9549 0.9585
00 271.460 270.348 0.8600 0.8640
00 271.460 270.289 0.9273 0.9327
00 271.460 270.422 0.8686 0.8719
00 271.460 270.367 0.9472 0.9519
00 271.460 270.342 0.8612 0.8653
00 271.460 270.300 0.9282 0.9334
00 271.460 270.425 0.8706 0.8739
00 271.460 270.331 0.9431 0.9482
00 271.460 270.339 0.8606 0.8647
00 271.460 270.306 0.9277 0.9329
00 271.460 270.429 0.8721 0.8754
00 271.460 270.271 0.9350 0.9406
00 271.460 270.346 0.8605 0.8645
00 271.460 270.314 0.9257 0.9307
00 271.460 270.418 0.8708 0.8742
00 271.460 270.268 0.9353 0.9410
00 271.460 270.360 0.8609 0.8648
00 271.460 270.341 0.9240 0.9287
00 271.460 270.411 0.8679 0.8713
00 271.460 270.265 0.9383 0.9440
00 271.460 270.360 0.8573 0.8612
00 271.460 270.360 0.9202 0.9247
00 271.460 270.427 0.8636 0.8668
00 271.460 270.354 0.9463 0.9511
00 271.460 270.366 0.8559 0.8596
00 271.460 270.384 0.9180 0.9221
00 271.460 270.456 0.8622 0.8653
00 271.460 270.414 0.9515 0.9557
00 271.477 270.378 0.8538 0.8576
00 271.460 270.407 0.9178 0.9217
00 271.461 270.478 0.8597 0.8628
00 271.465 270.424 0.9514 0.9555
00 272.473 271.259 0.8537 0.8586
00 271.523 270.458 0.9102 0.9142
00 271.855 270.836 0.8559 0.8598
00 271.880 270.796 0.9467 0.9515
00 273.363 272.045 0.8502 0.8563
00 273.383 272.174 0.8992 0.9045
00 273.077 271.917 0.8529 0.8578
00 272.795 271.696 0.9459 0.9508
00 273.574 272.258 0.8526 0.8584
00 273.439 272.281 0.9068 0.9115
00 273.559 272.347 0.8524 0.8570
00 273.273 272.191 0.9469 0.9513
00 273.767 272.457 0.8549 0.8606
00 273.519 272.363 0.9114 0.9161
00 273.527 272.339 0.8532 0.8576
00 273.681 272.596 0.9462 0.9510
00 271.460 270.303 0.8730 0.8776
00 271.460 270.203 0.9224 0.9286
00 271.460 270.336 0.8628 0.8669
00 271.460 270.282 0.9351 0.9406
00 271.460 270.337 0.8677 0.8719
00 271.460 270.257 0.9256 0.9312
00 271.460 270.458 0.8536 0.8567
00 271.460 270.239 0.9249 0.9307
00 271.460 270.336 0.8645 0.8686
00 271.460 270.298 0.9289 0.9342
00 271.460 270.468 0.8519 0.8549
00 271.460 270.252 0.9191 0.9247
00 271.460 270.327 0.8634 0.8677
00 271.460 270.322 0.9319 0.9369
00 271.460 270.463 0.8509 0.8539
00 271.460 270.249 0.9217 0.9274
00 271.460 270.326 0.8651 0.8694
00 271.460 270.310 0.9310 0.9361
00 271.460 270.471 0.8537 0.8567
00 271.460 270.319 0.9358 0.9409
00 271.460 270.342 0.8687 0.8728
00 271.460 270.289 0.9291 0.9345
00 271.460 270.469 0.8544 0.8574
00 271.460 270.505 0.9559 0.9594
00 271.460 270.370 0.8708 0.8747
00 271.460 270.292 0.9296 0.9349
00 271.460 270.470 0.8556 0.8587
00 271.460 270.466 0.9536 0.9572
00 271.460 270.400 0.8734 0.8770
00 271.460 270.324 0.9332 0.9382
00 271.460 270.472 0.8581 0.8611
00 271.460 270.405 0.9491 0.9534
00 271.460 270.410 0.8748 0.8783
00 271.460 270.339 0.9345 0.9394
00 271.460 270.474 0.8599 0.8630
00 271.460 270.349 0.9415 0.9463
00 271.460 270.409 0.8748 0.8783
00 271.460 270.322 0.9312 0.9362
00 271.460 270.472 0.8606 0.8637
00 271.460 270.301 0.9331 0.9383
00 271.460 270.411 0.8752 0.8787
00 271.460 270.342 0.9302 0.9350
00 271.460 270.480 0.8610 0.8640
00 271.460 270.302 0.9384 0.9437
00 271.460 270.424 0.8768 0.8801
00 271.460 270.373 0.9282 0.9326
00 271.460 270.491 0.8582 0.8613
00 271.460 270.302 0.9407 0.9461
00 271.460 270.448 0.8790 0.8821
00 271.460 270.391 0.9229 0.9270
00 271.460 270.505 0.8556 0.8587
00 271.460 270.379 0.9478 0.9524
00 271.543 270.557 0.8825 0.8864
00 271.460 270.418 0.9213 0.9251
00 271.462 270.519 0.8538 0.8569
00 271.462 270.427 0.9515 0.9555
00 272.033 271.033 0.8877 0.8912
00 271.506 270.471 0.9204 0.9242
00 271.768 270.801 0.8520 0.8554
00 271.782 270.747 0.9507 0.9551
00 272.882 271.827 0.8915 0.8957
00 272.282 271.189 0.9127 0.9171
00 272.585 271.535 0.8492 0.8533
00 272.197 271.164 0.9504 0.9545
00 273.700 272.573 0.8917 0.8968
00 273.094 271.923 0.8965 0.9018
00 272.970 271.897 0.8454 0.8494
00 273.068 272.003 0.9485 0.9529
00 273.857 272.716 0.8904 0.8954
00 273.755 272.565 0.8985 0.9042
00 273.140 272.058 0.8437 0.8475
00 273.473 272.413 0.9487 0.9527
00 271.460 270.273 0.8752 0.8802
00 271.460 270.206 0.9249 0.9311
00 271.460 270.292 0.8633 0.8680
00 271.460 270.255 0.9315 0.9372
00 271.460 270.298 0.8718 0.8765
00 271.460 270.242 0.9251 0.9310
00 271.460 270.429 0.8554 0.8584
00 271.460 270.231 0.9230 0.9289
00 271.460 270.313 0.8721 0.8766
00 271.460 270.281 0.9274 0.9328
00 271.460 270.488 0.8489 0.8519
00 271.460 270.243 0.9186 0.9243
00 271.460 270.355 0.8776 0.8816
00 271.460 270.323 0.9327 0.9377
00 271.460 270.493 0.8474 0.8504
00 271.460 270.248 0.9178 0.9234
00 271.460 270.410 0.8838 0.8873
00 271.460 270.348 0.9365 0.9412
00 271.460 270.496 0.8483 0.8513
00 271.460 270.227 0.9221 0.9280
00 271.460 270.476 0.8900 0.8933
00 271.460 270.355 0.9375 0.9422
00 271.460 270.506 0.8499 0.8530
00 271.460 270.364 0.9407 0.9453
00 271.460 270.508 0.8950 0.8983
00 271.460 270.359 0.9381 0.9427
00 271.460 270.505 0.8503 0.8533
00 271.460 270.493 0.9542 0.9577
00 271.460 270.524 0.8994 0.9027
00 271.460 270.378 0.9409 0.9454
00 271.460 270.503 0.8502 0.8533
00 271.460 270.468 0.9527 0.9563
00 271.460 270.555 0.9068 0.9100
00 271.460 270.410 0.9449 0.9491
00 271.460 270.510 0.8521 0.8551
00 271.460 270.432 0.9500 0.9540
00 271.460 270.581 0.9134 0.9163
00 271.460 270.409 0.9445 0.9486
00 271.460 270.526 0.8539 0.8570
00 271.460 270.265 0.9292 0.9348
00 271.460 270.616 0.9202 0.9227
00 271.460 270.364 0.9370 0.9416
00 271.460 270.541 0.8555 0.8585
00 271.460 270.269 0.9321 0.9377
00 271.460 270.644 0.9247 0.9269
00 271.460 270.350 0.9304 0.9351
00 271.460 270.563 0.8561 0.8591
00 271.460 270.368 0.9436 0.9483
00 271.461 270.669 0.9292 0.9312
00 271.460 270.379 0.9279 0.9323
00 271.460 270.575 0.8542 0.8572
00 271.460 270.407 0.9470 0.9513
00 271.896 271.091 0.9295 0.9312
00 271.493 270.422 0.9230 0.9272
00 271.621 270.732 0.8532 0.8560
00 271.531 270.511 0.9503 0.9545
00 272.317 271.482 0.9244 0.9263
00 271.976 270.908 0.9217 0.9262
00 272.236 271.268 0.8484 0.8510
00 272.078 271.038 0.9497 0.9539
00 272.698 271.834 0.9201 0.9225
00 272.586 271.494 0.9201 0.9246
00 272.711 271.699 0.8499 0.8537
00 272.678 271.640 0.9512 0.9555
00 273.676 272.728 0.9151 0.9183
00 273.234 272.089 0.9125 0.9174
00 272.785 271.820 0.8515 0.8547
00 273.411 272.364 0.9514 0.9554
00 274.157 273.141 0.9065 0.9100
00 273.661 272.466 0.9039 0.9089
00 273.053 272.105 0.8538 0.8564
00 273.592 272.549 0.9510 0.9553
00 271.460 270.209 0.8849 0.8907
00 271.460 270.314 0.9404 0.9456
00 271.460 270.208 0.8779 0.8837
00 271.460 270.401 0.9487 0.9531
00 271.460 270.258 0.8807 0.8859
00 271.460 270.242 0.9305 0.9364
00 271.460 270.287 0.8703 0.8750
00 271.460 270.238 0.9277 0.9336
00 271.460 270.334 0.8888 0.8933
00 271.460 270.251 0.9285 0.9342
00 271.460 270.381 0.8643 0.8680
00 271.460 270.230 0.9219 0.9278
00 271.460 270.404 0.8975 0.9013
00 271.460 270.271 0.9282 0.9337
00 271.460 270.453 0.8544 0.8574
00 271.460 270.235 0.9191 0.9249
00 271.460 270.487 0.9069 0.9102
00 271.460 270.292 0.9303 0.9356
00 271.460 270.482 0.8498 0.8528
00 271.460 270.237 0.9176 0.9234
00 271.460 270.555 0.9137 0.9169
00 271.460 270.328 0.9351 0.9401
00 271.460 270.489 0.8472 0.8503
00 271.460 270.236 0.9184 0.9242
00 271.460 270.578 0.9177 0.9206
00 271.460 270.364 0.9392 0.9439
00 271.460 270.495 0.8458 0.8488
00 271.460 270.229 0.9242 0.9302
00 271.460 270.591 0.9224 0.9251
00 271.460 270.402 0.9435 0.9478
00 271.460 270.514 0.8476 0.8506
00 271.460 270.352 0.9399 0.9446
00 271.460 270.617 0.9296 0.9321
00 271.460 270.434 0.9482 0.9521
00 271.460 270.532 0.8475 0.8506
00 271.460 270.500 0.9547 0.9582
00 271.460 270.647 0.9370 0.9391
00 271.460 270.445 0.9500 0.9539
00 271.460 270.553 0.8493 0.8523
00 271.460 270.502 0.9547 0.9582
00 271.460 270.664 0.9391 0.9411
00 271.460 270.439 0.9494 0.9533
00 271.460 270.550 0.8511 0.8542
00 271.460 270.476 0.9528 0.9563
00 271.460 270.672 0.9382 0.9401
00 271.460 270.414 0.9455 0.9496
00 271.460 270.532 0.8518 0.8549
00 271.460 270.377 0.9404 0.9449
00 271.460 270.676 0.9370 0.9389
00 271.460 270.364 0.9357 0.9403
00 271.460 270.561 0.8519 0.8549
00 271.460 270.283 0.9293 0.9347
00 271.467 270.687 0.9339 0.9357
00 271.460 270.367 0.9298 0.9343
00 271.460 270.602 0.8522 0.8549
00 271.460 270.265 0.9300 0.9356
00 272.140 271.328 0.9287 0.9303
00 271.499 270.414 0.9262 0.9305
00 271.773 270.894 0.8552 0.8577
00 271.632 270.463 0.9346 0.9398
00 273.042 272.173 0.9239 0.9260
00 272.839 271.679 0.9244 0.9299
00 272.655 271.715 0.8628 0.8660
00 272.208 271.111 0.9429 0.9476
00 273.568 272.658 0.9187 0.9216
00 273.364 272.146 0.9159 0.9215
00 273.265 272.287 0.8655 0.8682
00 273.025 271.961 0.9481 0.9525
00 273.744 272.803 0.9115 0.9146
00 273.439 272.245 0.9134 0.9186
00 273.603 272.590 0.8622 0.8661
00 273.379 272.333 0.9497 0.9537
00 274.542 273.506 0.9022 0.9059
00 273.800 272.602 0.9120 0.9178
00 273.755 272.723 0.8614 0.8654
00 273.778 272.745 0.9506 0.9548
00 271.460 270.164 0.9022 0.9086
00 271.460 270.418 0.9526 0.9567
00 271.460 270.119 0.8930 0.8999
00 271.460 270.430 0.9536 0.9576
00 271.460 270.238 0.8957 0.9013
00 271.460 270.402 0.9505 0.9548
00 271.460 270.206 0.8795 0.8852
00 271.460 270.331 0.9397 0.9447
00 271.460 270.329 0.9028 0.9074
00 271.460 270.332 0.9417 0.9467
00 271.460 270.283 0.8750 0.8798
00 271.460 270.267 0.9291 0.9347
00 271.460 270.428 0.9155 0.9192
00 271.460 270.260 0.9317 0.9374
00 271.460 270.327 0.8686 0.8729
00 271.460 270.267 0.9258 0.9313
00 271.460 270.505 0.9240 0.9274
00 271.460 270.268 0.9304 0.9360
00 271.460 270.394 0.8582 0.8616
00 271.460 270.260 0.9219 0.9275
00 271.460 270.577 0.9317 0.9346
00 271.460 270.291 0.9317 0.9371
00 271.460 270.450 0.8505 0.8535
00 271.460 270.244 0.9186 0.9243
00 271.460 270.605 0.9364 0.9391
00 271.460 270.309 0.9342 0.9393
00 271.460 270.487 0.8481 0.8512
00 271.460 270.240 0.9170 0.9228
00 271.460 270.619 0.9378 0.9403
00 271.460 270.350 0.9389 0.9437
00 271.460 270.508 0.8484 0.8515
00 271.460 270.243 0.9209 0.9266
00 271.460 270.647 0.9418 0.9440
00 271.460 270.426 0.9475 0.9516
00 271.460 270.509 0.8460 0.8491
00 271.460 270.266 0.9293 0.9349
00 271.460 270.661 0.9417 0.9437
00 271.460 270.457 0.9514 0.9551
00 271.460 270.524 0.8454 0.8484
00 271.460 270.376 0.9428 0.9473
00 271.460 270.675 0.9421 0.9440
00 271.460 270.456 0.9521 0.9558
00 271.460 270.596 0.8518 0.8546
00 271.460 270.499 0.9552 0.9587
00 271.460 270.682 0.9406 0.9424
00 271.460 270.457 0.9520 0.9557
00 271.460 270.650 0.8572 0.8594
00 271.460 270.531 0.9568 0.9602
00 271.460 270.687 0.9395 0.9412
00 271.460 270.447 0.9501 0.9539
00 271.460 270.609 0.8562 0.8588
00 271.460 270.513 0.9542 0.9577
00 271.460 270.693 0.9391 0.9408
00 271.460 270.392 0.9413 0.9456
00 271.460 270.549 0.8509 0.8539
00 271.460 270.484 0.9508 0.9543
00 271.460 270.693 0.9356 0.9373
00 271.460 270.357 0.9314 0.9360
00 271.460 270.589 0.8564 0.8593
00 271.460 270.399 0.9374 0.9416
00 271.664 270.884 0.9268 0.9285
00 271.460 270.401 0.9321 0.9363
00 271.461 270.629 0.8661 0.8685
00 271.474 270.325 0.9229 0.9279
00 271.946 271.148 0.9220 0.9235
00 271.558 270.451 0.9244 0.9289
00 271.870 271.014 0.8686 0.8706
00 272.002 270.802 0.9205 0.9264
00 272.346 271.522 0.9177 0.9198
00 272.624 271.425 0.9183 0.9236
00 272.688 271.722 0.8651 0.8685
00 272.713 271.450 0.9192 0.9251
00 273.585 272.651 0.9080 0.9112
00 273.698 272.408 0.9121 0.9181
00 273.052 272.039 0.8643 0.8677
00 273.372 272.096 0.9217 0.9280
00 274.061 273.035 0.8935 0.8971
00 273.930 272.646 0.9085 0.9150
00 273.362 272.334 0.8666 0.8696
00 273.954 272.675 0.9250 0.9315
00 271.460 270.132 0.9071 0.9139
00 271.460 270.442 0.9549 0.9588
00 271.460 270.163 0.8989 0.9053
00 271.460 270.444 0.9548 0.9587
00 271.460 270.198 0.9035 0.9096
00 271.460 270.441 0.9541 0.9580
00 271.460 270.155 0.8891 0.8956
00 271.460 270.396 0.9489 0.9532
00 271.460 270.305 0.9112 0.9162
00 271.460 270.431 0.9526 0.9566
00 271.460 270.230 0.8814 0.8869
00 271.460 270.300 0.9341 0.9394
00 271.460 270.401 0.9226 0.9267
00 271.460 270.398 0.9494 0.9537
00 271.460 270.272 0.8777 0.8827
00 271.460 270.350 0.9362 0.9410
00 271.460 270.497 0.9345 0.9380
00 271.460 270.274 0.9344 0.9399
00 271.460 270.302 0.8731 0.8778
00 271.460 270.309 0.9278 0.9330
00 271.460 270.581 0.9449 0.9478
00 271.460 270.274 0.9328 0.9383
00 271.460 270.366 0.8626 0.8664
00 271.460 270.286 0.9246 0.9299
00 271.460 270.615 0.9477 0.9502
00 271.460 270.283 0.9334 0.9388
00 271.460 270.440 0.8529 0.8560
00 271.460 270.273 0.9225 0.9279
00 271.460 270.635 0.9487 0.9510
00 271.460 270.294 0.9348 0.9402
00 271.460 270.472 0.8483 0.8513
00 271.460 270.245 0.9172 0.9229
00 271.460 270.662 0.9500 0.9520
00 271.460 270.389 0.9452 0.9496
00 271.460 270.502 0.8458 0.8488
00 271.460 270.233 0.9153 0.9211
00 271.460 270.677 0.9506 0.9525
00 271.460 270.452 0.9518 0.9556
00 271.460 270.519 0.8467 0.8498
00 271.460 270.258 0.9241 0.9297
00 271.460 270.679 0.9496 0.9515
00 271.460 270.464 0.9529 0.9566
00 271.460 270.523 0.8461 0.8491
00 271.460 270.311 0.9341 0.9393
00 271.460 270.675 0.9465 0.9484
00 271.460 270.471 0.9532 0.9568
00 271.460 270.608 0.8554 0.8581
00 271.460 270.427 0.9478 0.9518
00 271.460 270.677 0.9400 0.9419
00 271.460 270.462 0.9521 0.9557
00 271.460 270.678 0.8629 0.8648
00 271.460 270.510 0.9557 0.9592
00 271.460 270.695 0.9394 0.9410
00 271.460 270.446 0.9493 0.9532
00 271.460 270.639 0.8606 0.8630
00 271.460 270.527 0.9554 0.9589
00 271.469 270.710 0.9373 0.9389
00 271.460 270.399 0.9419 0.9462
00 271.460 270.593 0.8596 0.8624
00 271.460 270.551 0.9553 0.9585
00 272.114 271.316 0.9322 0.9337
00 271.479 270.375 0.9332 0.9378
00 271.489 270.659 0.8658 0.8681
00 271.460 270.561 0.9530 0.9561
00 272.260 271.451 0.9263 0.9278
00 272.152 271.047 0.9324 0.9372
00 271.961 271.115 0.8711 0.8729
00 271.494 270.608 0.9507 0.9536
00 272.510 271.689 0.9215 0.9237
00 272.237 271.105 0.9270 0.9320
00 271.961 271.126 0.8753 0.8770
00 271.964 271.062 0.9459 0.9487
00 273.501 272.599 0.9137 0.9166
00 273.253 272.036 0.9220 0.9277
00 272.823 271.910 0.8774 0.8801
00 273.037 272.024 0.9319 0.9357
00 273.255 272.335 0.9036 0.9060
00 273.261 272.030 0.9175 0.9233
00 272.946 272.024 0.8740 0.8766
00 273.140 272.009 0.9121 0.9169
00 273.408 272.420 0.8902 0.8930
00 273.506 272.238 0.9114 0.9173
00 273.161 272.227 0.8700 0.8724
00 273.522 272.296 0.9044 0.9097
00 271.460 270.246 0.9138 0.9195
00 271.460 270.416 0.9524 0.9565
00 271.460 270.184 0.8911 0.8972
00 271.460 270.390 0.9456 0.9500
00 271.460 270.353 0.9233 0.9279
00 271.460 270.427 0.9525 0.9565
00 271.460 270.278 0.8857 0.8907
00 271.460 270.371 0.9392 0.9437
00 271.460 270.498 0.9440 0.9474
00 271.460 270.418 0.9509 0.9550
00 271.460 270.303 0.8823 0.8871
00 271.460 270.351 0.9324 0.9371
00 271.460 270.572 0.9502 0.9532
00 271.460 270.322 0.9395 0.9446
00 271.460 270.324 0.8800 0.8844
00 271.460 270.319 0.9277 0.9327
00 271.460 270.617 0.9527 0.9552
00 271.460 270.304 0.9382 0.9435
00 271.460 270.329 0.8702 0.8745
00 271.460 270.305 0.9264 0.9315
00 271.460 270.640 0.9529 0.9551
00 271.460 270.278 0.9362 0.9417
00 271.460 270.395 0.8536 0.8570
00 271.460 270.322 0.9263 0.9313
00 271.460 270.669 0.9529 0.9548
00 271.460 270.363 0.9445 0.9492
00 271.460 270.423 0.8497 0.8528
00 271.460 270.300 0.9202 0.9253
00 271.460 270.682 0.9528 0.9546
00 271.460 270.445 0.9526 0.9564
00 271.460 270.462 0.8456 0.8486
00 271.460 270.249 0.9137 0.9194
00 271.460 270.687 0.9528 0.9546
00 271.460 270.460 0.9535 0.9572
00 271.460 270.507 0.8463 0.8493
00 271.460 270.247 0.9175 0.9232
00 271.460 270.688 0.9521 0.9539
00 271.460 270.463 0.9530 0.9567
00 271.460 270.531 0.8478 0.8508
00 271.460 270.291 0.9270 0.9323
00 271.460 270.690 0.9502 0.9519
00 271.460 270.455 0.9509 0.9547
00 271.460 270.619 0.8591 0.8617
00 271.460 270.360 0.9371 0.9418
00 271.461 270.700 0.9482 0.9498
00 271.460 270.416 0.9450 0.9491
00 271.460 270.706 0.8721 0.8737
00 271.460 270.470 0.9495 0.9531
00 271.505 270.744 0.9430 0.9446
00 271.460 270.346 0.9356 0.9404
00 271.460 270.672 0.8733 0.8753
00 271.460 270.523 0.9540 0.9575
00 271.978 271.194 0.9366 0.9381
00 271.462 270.343 0.9324 0.9372
00 271.505 270.688 0.8741 0.8763
00 271.474 270.565 0.9542 0.9574
00 272.469 271.671 0.9364 0.9383
00 271.849 270.720 0.9303 0.9356
00 272.079 271.203 0.8743 0.8763
00 271.986 271.091 0.9537 0.9565
00 272.472 271.684 0.9359 0.9377
00 271.905 270.775 0.9276 0.9328
00 272.150 271.276 0.8752 0.8771
00 272.275 271.394 0.9535 0.9559
00 272.744 271.952 0.9337 0.9353
00 272.577 271.410 0.9243 0.9293
00 272.222 271.317 0.8722 0.8743
00 272.172 271.295 0.9500 0.9525
00 273.456 272.618 0.9271 0.9294
00 273.342 272.127 0.9212 0.9268
00 272.749 271.747 0.8586 0.8623
00 272.925 271.998 0.9439 0.9469
00 273.385 272.526 0.9147 0.9171
00 273.521 272.283 0.9177 0.9234
00 272.944 271.911 0.8424 0.8461
00 273.108 272.135 0.9342 0.9375
00 273.546 272.622 0.9028 0.9059
00 273.874 272.607 0.9148 0.9212
00 273.339 272.282 0.8367 0.8398
00 273.708 272.664 0.9230 0.9272
00 271.460 270.219 0.9209 0.9270
00 271.460 270.451 0.9562 0.9600
00 271.460 270.216 0.8956 0.9015
00 271.460 270.445 0.9534 0.9572
00 271.460 270.350 0.9326 0.9373
00 271.460 270.423 0.9536 0.9577
00 271.460 270.258 0.8950 0.9003
00 271.460 270.389 0.9443 0.9487
00 271.460 270.468 0.9451 0.9487
00 271.460 270.396 0.9512 0.9556
00 271.460 270.372 0.8980 0.9021
00 271.460 270.401 0.9414 0.9456
00 271.460 270.552 0.9521 0.9553
00 271.460 270.373 0.9481 0.9527
00 271.460 270.350 0.8925 0.8968
00 271.460 270.323 0.9298 0.9347
00 271.460 270.605 0.9541 0.9568
00 271.460 270.373 0.9475 0.9521
00 271.460 270.348 0.8899 0.8942
00 271.460 270.319 0.9299 0.9349
00 271.460 270.625 0.9525 0.9549
00 271.460 270.401 0.9505 0.9548
00 271.460 270.281 0.8780 0.8829
00 271.460 270.323 0.9281 0.9331
00 271.460 270.652 0.9518 0.9539
00 271.460 270.397 0.9497 0.9541
00 271.460 270.385 0.8606 0.8641
00 271.460 270.377 0.9311 0.9355
00 271.460 270.679 0.9523 0.9541
00 271.460 270.436 0.9531 0.9571
00 271.460 270.384 0.8515 0.8551
00 271.460 270.339 0.9205 0.9252
00 271.460 270.688 0.9530 0.9547
00 271.460 270.454 0.9540 0.9578
00 271.460 270.419 0.8462 0.8493
00 271.460 270.299 0.9129 0.9180
00 271.460 270.695 0.9540 0.9556
00 271.460 270.447 0.9526 0.9564
00 271.460 270.484 0.8450 0.8480
00 271.460 270.261 0.9132 0.9187
00 271.460 270.698 0.9544 0.9560
00 271.460 270.401 0.9456 0.9499
00 271.460 270.524 0.8469 0.8499
00 271.460 270.258 0.9176 0.9231
00 271.467 270.707 0.9540 0.9556
00 271.460 270.321 0.9348 0.9398
00 271.460 270.614 0.8603 0.8629
00 271.460 270.317 0.9267 0.9317
00 271.515 270.756 0.9520 0.9536
00 271.460 270.287 0.9284 0.9338
00 271.460 270.738 0.8820 0.8832
00 271.460 270.418 0.9405 0.9446
00 271.870 271.103 0.9483 0.9497
00 271.460 270.273 0.9238 0.9293
00 271.460 270.723 0.8871 0.8885
00 271.460 270.496 0.9498 0.9533
00 272.425 271.628 0.9407 0.9426
00 271.791 270.583 0.9211 0.9272
00 271.872 271.057 0.8851 0.8868
00 271.971 271.033 0.9531 0.9563
00 272.634 271.838 0.9405 0.9423
00 272.095 270.870 0.9189 0.9250
00 272.173 271.308 0.8825 0.8843
00 272.343 271.423 0.9527 0.9555
00 272.659 271.879 0.9409 0.9425
00 272.339 271.124 0.9176 0.9233
00 272.358 271.455 0.8793 0.8814
00 272.248 271.363 0.9526 0.9551
00 272.719 271.951 0.9405 0.9419
00 272.747 271.532 0.9160 0.9221
00 272.607 271.635 0.8687 0.8723
00 272.130 271.230 0.9474 0.9501
00 273.137 272.349 0.9373 0.9387
00 273.183 271.974 0.9164 0.9221
00 272.717 271.705 0.8491 0.8529
00 272.903 271.922 0.9372 0.9408
00 273.470 272.644 0.9269 0.9291
00 273.446 272.231 0.9150 0.9204
00 272.950 271.940 0.8402 0.8436
00 272.960 271.903 0.9174 0.9217
00 273.850 272.980 0.9188 0.9211
00 273.844 272.607 0.9142 0.9203
00 273.342 272.350 0.8366 0.8390
00 273.308 272.178 0.9052 0.9098
00 271.460 270.373 0.9399 0.9445
00 271.460 270.450 0.9565 0.9604
00 271.460 270.306 0.9026 0.9075
00 271.460 270.412 0.9517 0.9559
00 271.460 270.581 0.9539 0.9567
00 271.460 270.434 0.9541 0.9581
00 271.460 270.295 0.8989 0.9038
00 271.460 270.301 0.9301 0.9353
00 271.460 270.664 0.9516 0.9536
00 271.460 270.430 0.9526 0.9566
00 271.460 270.422 0.8716 0.8749
00 271.460 270.401 0.9364 0.9406
00 271.460 270.683 0.9533 0.9550
00 271.460 270.453 0.9545 0.9583
00 271.460 270.376 0.8493 0.8529
00 271.460 270.361 0.9252 0.9297
00 271.460 270.701 0.9548 0.9564
00 271.460 270.420 0.9502 0.9543
00 271.460 270.413 0.8461 0.8493
00 271.460 270.341 0.9192 0.9239
00 271.460 270.707 0.9555 0.9570
00 271.460 270.334 0.9384 0.9434
00 271.460 270.477 0.8458 0.8489
00 271.460 270.307 0.9118 0.9168
00 271.466 270.715 0.9557 0.9572
00 271.460 270.268 0.9287 0.9343
00 271.460 270.519 0.8456 0.8486
00 271.460 270.276 0.9137 0.9191
00 271.522 270.771 0.9558 0.9572
00 271.460 270.222 0.9219 0.9279
00 271.460 270.577 0.8536 0.8565
00 271.460 270.302 0.9198 0.9249
00 271.882 271.121 0.9549 0.9563
00 271.460 270.225 0.9198 0.9257
00 271.460 270.726 0.8807 0.8821
00 271.460 270.394 0.9335 0.9377
00 271.814 271.055 0.9527 0.9541
00 271.463 270.237 0.9173 0.9232
00 271.501 270.795 0.8935 0.8945
00 271.494 270.531 0.9491 0.9529
00 272.207 271.436 0.9498 0.9510
00 271.855 270.638 0.9180 0.9242
00 272.094 271.299 0.8927 0.8939
00 272.159 271.227 0.9544 0.9574
00 272.508 271.734 0.9471 0.9487
00 271.990 270.789 0.9179 0.9238
00 272.240 271.407 0.8868 0.8883
00 272.688 271.753 0.9523 0.9555
00 272.869 272.092 0.9451 0.9465
00 272.711 271.479 0.9151 0.9208
00 272.792 271.886 0.8802 0.8829
00 272.860 271.895 0.9455 0.9489
00 273.310 272.518 0.9430 0.9448
00 273.031 271.794 0.9091 0.9152
00 272.406 271.509 0.8696 0.8721
00 272.587 271.578 0.9338 0.9379
00 273.494 272.689 0.9393 0.9412
00 273.156 271.925 0.9045 0.9103
00 272.771 271.775 0.8493 0.8529
00 272.840 271.697 0.9081 0.9133
00 273.822 272.986 0.9327 0.9346
00 273.381 272.203 0.9089 0.9140
00 272.886 271.872 0.8362 0.8397
00 272.908 271.731 0.8908 0.8962
00 274.195 273.338 0.9291 0.9309
00 273.658 272.507 0.9130 0.9181
00 273.328 272.325 0.8404 0.8430
00 273.091 271.940 0.8854 0.8904
00 271.460 270.686 0.9539 0.9556
00 271.460 270.407 0.9499 0.9542
00 271.460 270.395 0.8485 0.8519
00 271.460 270.322 0.9167 0.9216
00 271.460 270.709 0.9558 0.9573
00 271.460 270.304 0.9362 0.9415
00 271.460 270.427 0.8453 0.8483
00 271.460 270.346 0.9169 0.9214
00 271.463 270.719 0.9564 0.9578
00 271.460 270.233 0.9261 0.9321
00 271.460 270.487 0.8461 0.8491
00 271.460 270.326 0.9109 0.9157
00 271.559 270.815 0.9567 0.9581
00 271.460 270.212 0.9210 0.9271
00 271.460 270.533 0.8450 0.8481
00 271.460 270.274 0.9109 0.9162
00 271.697 270.949 0.9568 0.9582
00 271.460 270.209 0.9183 0.9244
00 271.460 270.552 0.8473 0.8503
00 271.460 270.343 0.9225 0.9272
00 271.750 271.002 0.9566 0.9580
00 271.462 270.209 0.9161 0.9223
00 271.460 270.658 0.8682 0.8703
00 271.460 270.484 0.9443 0.9478
00 272.297 271.533 0.9560 0.9576
00 271.942 270.674 0.9150 0.9217
00 271.679 270.959 0.8894 0.8903
00 271.851 270.923 0.9535 0.9567
00 272.358 271.594 0.9546 0.9563
00 271.986 270.732 0.9131 0.9195
00 271.852 271.115 0.8941 0.8950
00 271.898 270.952 0.9494 0.9527
00 272.588 271.819 0.9522 0.9537
00 272.233 270.982 0.9104 0.9165
00 272.098 271.322 0.8893 0.8902
00 272.098 271.125 0.9413 0.9448
00 272.647 271.877 0.9487 0.9502
00 272.379 271.160 0.9091 0.9147
00 272.297 271.491 0.8816 0.8831
00 272.239 271.176 0.9222 0.9263
00 272.764 271.990 0.9435 0.9449
00 272.482 271.313 0.9091 0.9141
00 272.477 271.635 0.8746 0.8770
00 272.444 271.286 0.8999 0.9047
00 273.016 272.238 0.9415 0.9428
00 272.751 271.606 0.9065 0.9119
00 272.746 271.804 0.8548 0.8579
00 272.892 271.717 0.8837 0.8892
00 273.272 272.476 0.9390 0.9404
00 273.037 271.913 0.9045 0.9093
00 272.896 271.885 0.8378 0.8413
00 273.237 272.156 0.8852 0.8892
00 273.543 272.712 0.9306 0.9327
00 273.295 272.190 0.9050 0.9094
00 273.035 272.024 0.8321 0.8353
00 273.608 272.594 0.8978 0.9018
00 271.460 270.443 0.9581 0.9620
00 271.460 270.470 0.9594 0.9631
00 271.460 270.437 0.9553 0.9593
00 271.460 270.480 0.9644 0.9680
00 271.460 270.434 0.9572 0.9612
00 271.460 270.455 0.9583 0.9622
00 271.460 270.434 0.9538 0.9578
00 271.460 270.478 0.9643 0.9679
00 271.460 270.410 0.9547 0.9590
00 271.460 270.454 0.9571 0.9609
00 271.460 270.426 0.9534 0.9574
00 271.460 270.478 0.9641 0.9677
00 271.460 270.373 0.9508 0.9554
00 271.460 270.451 0.9561 0.9599
00 271.460 270.442 0.9549 0.9588
00 271.460 270.466 0.9636 0.9673
00 271.460 270.324 0.9460 0.9511
00 271.460 270.448 0.9549 0.9588
00 271.460 270.470 0.9571 0.9607
00 271.460 270.474 0.9635 0.9671
00 271.460 270.370 0.9489 0.9535
00 271.460 270.414 0.9515 0.9557
00 271.460 270.495 0.9589 0.9625
00 271.460 270.494 0.9638 0.9673
00 271.460 270.427 0.9531 0.9572
00 271.460 270.373 0.9471 0.9517
00 271.460 270.459 0.9566 0.9604
00 271.460 270.510 0.9639 0.9675
00 271.460 270.431 0.9528 0.9569
00 271.460 270.345 0.9425 0.9474
00 271.460 270.391 0.9507 0.9551
00 271.460 270.527 0.9642 0.9676
00 271.460 270.434 0.9523 0.9563
00 271.460 270.304 0.9349 0.9401
00 271.460 270.269 0.9363 0.9419
00 271.460 270.532 0.9640 0.9674
00 271.460 270.474 0.9557 0.9592
00 271.460 270.276 0.9273 0.9328
00 271.460 270.162 0.9187 0.9253
00 271.460 270.514 0.9627 0.9662
00 271.460 270.473 0.9549 0.9585
00 271.460 270.239 0.9162 0.9220
00 271.460 270.152 0.9019 0.9085
00 271.460 270.493 0.9608 0.9643
00 271.460 270.467 0.9540 0.9577
00 271.460 270.240 0.9063 0.9119
00 271.460 270.260 0.8771 0.8822
00 271.460 270.470 0.9583 0.9619
00 271.472 270.456 0.9515 0.9553
00 271.508 270.297 0.8947 0.9001
00 271.513 270.559 0.8522 0.8557
00 271.460 270.449 0.9555 0.9593
00 271.562 270.333 0.9249 0.9307
00 271.687 270.471 0.8742 0.8795
00 271.727 270.781 0.8444 0.8477
00 271.493 270.427 0.9491 0.9534
00 271.612 270.380 0.9125 0.9182
00 271.815 270.665 0.8556 0.8609
00 272.168 271.153 0.8390 0.8422
00 271.986 270.788 0.9330 0.9389
00 271.934 270.765 0.9077 0.9133
00 272.196 271.088 0.8414 0.8455
00 272.696 271.605 0.8388 0.8436
00 272.532 271.179 0.9057 0.9126
00 272.442 271.298 0.9089 0.9137
00 273.064 271.919 0.8300 0.8346
00 273.319 272.138 0.8374 0.8420
00 273.053 271.660 0.8774 0.8849
00 272.795 271.609 0.9051 0.9108
00 273.164 272.102 0.8225 0.8260
00 273.358 272.169 0.8317 0.8362
00 273.311 272.049 0.8279 0.8333
00 271.460 270.440 0.9576 0.9615
00 271.460 270.507 0.9615 0.9650
00 271.460 270.410 0.9525 0.9567
00 271.460 270.485 0.9642 0.9678
00 271.460 270.454 0.9583 0.9621
00 271.460 270.465 0.9588 0.9625
00 271.460 270.407 0.9517 0.9560
00 271.460 270.488 0.9644 0.9680
00 271.460 270.436 0.9570 0.9610
00 271.460 270.473 0.9584 0.9620
00 271.460 270.414 0.9523 0.9566
00 271.460 270.493 0.9645 0.9681
00 271.460 270.406 0.9543 0.9586
00 271.460 270.477 0.9578 0.9614
00 271.460 270.430 0.9537 0.9578
00 271.460 270.498 0.9647 0.9683
00 271.460 270.372 0.9510 0.9556
00 271.460 270.479 0.9575 0.9610
00 271.460 270.485 0.9584 0.9619
00 271.460 270.506 0.9648 0.9683
00 271.460 270.372 0.9499 0.9546
00 271.460 270.484 0.9572 0.9607
00 271.460 270.470 0.9575 0.9611
00 271.460 270.516 0.9647 0.9682
00 271.460 270.383 0.9493 0.9538
00 271.460 270.457 0.9544 0.9581
00 271.460 270.406 0.9524 0.9567
00 271.460 270.529 0.9647 0.9681
00 271.460 270.436 0.9532 0.9572
00 271.460 270.424 0.9505 0.9546
00 271.460 270.307 0.9413 0.9466
00 271.460 270.535 0.9646 0.9679
00 271.460 270.452 0.9542 0.9580
00 271.460 270.402 0.9468 0.9511
00 271.460 270.167 0.9211 0.9278
00 271.460 270.524 0.9636 0.9671
00 271.460 270.478 0.9562 0.9598
00 271.460 270.372 0.9421 0.9466
00 271.460 270.158 0.9070 0.9135
00 271.460 270.503 0.9617 0.9652
00 271.460 270.483 0.9559 0.9594
00 271.460 270.344 0.9361 0.9409
00 271.460 270.262 0.8843 0.8895
00 271.460 270.488 0.9597 0.9633
00 271.460 270.472 0.9547 0.9583
00 271.460 270.296 0.9229 0.9282
00 271.460 270.495 0.8525 0.8556
00 271.460 270.478 0.9577 0.9613
00 271.489 270.506 0.9543 0.9581
00 271.546 270.375 0.9109 0.9159
00 271.532 270.604 0.8454 0.8488
00 271.460 270.453 0.9539 0.9577
00 271.696 270.649 0.9477 0.9522
00 271.702 270.553 0.9043 0.9099
00 271.808 270.834 0.8393 0.8427
00 271.521 270.459 0.9460 0.9503
00 271.790 270.558 0.9182 0.9246
00 271.702 270.559 0.8934 0.8989
00 272.094 271.084 0.8423 0.8456
00 272.235 270.993 0.9225 0.9286
00 272.293 271.090 0.9137 0.9193
00 272.189 271.006 0.8762 0.8814
00 272.346 271.296 0.8437 0.8469
00 272.278 270.961 0.8938 0.9005
00 272.943 271.758 0.9137 0.9193
00 272.756 271.529 0.8580 0.8637
00 272.870 271.740 0.8400 0.8448
00 272.591 271.326 0.8480 0.8532
00 273.064 271.890 0.9148 0.9202
00 273.204 271.969 0.8437 0.8491
00 273.402 272.199 0.8337 0.8383
00 273.038 271.987 0.8316 0.8353
00 271.460 270.395 0.9528 0.9572
00 271.460 270.538 0.9632 0.9665
00 271.460 270.367 0.9486 0.9533
00 271.460 270.498 0.9643 0.9679
00 271.460 270.455 0.9581 0.9619
00 271.460 270.513 0.9612 0.9648
00 271.460 270.384 0.9499 0.9544
00 271.460 270.505 0.9647 0.9683
00 271.460 270.460 0.9581 0.9619
00 271.460 270.501 0.9599 0.9634
00 271.460 270.413 0.9522 0.9564
00 271.460 270.506 0.9647 0.9683
00 271.460 270.444 0.9570 0.9609
00 271.460 270.495 0.9589 0.9625
00 271.460 270.435 0.9540 0.9580
00 271.460 270.520 0.9653 0.9689
00 271.460 270.399 0.9531 0.9575
00 271.460 270.497 0.9585 0.9620
00 271.460 270.474 0.9576 0.9613
00 271.460 270.536 0.9659 0.9692
00 271.460 270.359 0.9491 0.9539
00 271.460 270.495 0.9582 0.9618
00 271.460 270.426 0.9545 0.9586
00 271.460 270.544 0.9658 0.9691
00 271.460 270.394 0.9508 0.9553
00 271.460 270.503 0.9583 0.9619
00 271.460 270.354 0.9474 0.9522
00 271.460 270.548 0.9655 0.9687
00 271.460 270.407 0.9506 0.9549
00 271.460 270.480 0.9559 0.9595
00 271.460 270.195 0.9265 0.9328
00 271.460 270.533 0.9644 0.9677
00 271.460 270.407 0.9500 0.9543
00 271.460 270.455 0.9528 0.9566
00 271.460 270.151 0.9108 0.9175
00 271.460 270.514 0.9627 0.9662
00 271.460 270.426 0.9515 0.9555
00 271.460 270.441 0.9501 0.9540
00 271.460 270.225 0.8933 0.8990
00 271.460 270.507 0.9612 0.9647
00 271.460 270.470 0.9553 0.9589
00 271.460 270.413 0.9459 0.9501
00 271.460 270.449 0.8590 0.8621
00 271.460 270.509 0.9600 0.9636
00 271.460 270.474 0.9552 0.9588
00 271.460 270.384 0.9405 0.9449
00 271.460 270.545 0.8488 0.8519
00 271.460 270.500 0.9576 0.9611
00 271.457 270.470 0.9541 0.9577
00 271.485 270.364 0.9272 0.9319
00 271.553 270.608 0.8435 0.8470
00 271.489 270.511 0.9533 0.9572
00 271.620 270.640 0.9529 0.9568
00 271.750 270.621 0.9132 0.9185
00 271.913 270.922 0.8431 0.8465
00 272.078 271.034 0.9449 0.9492
00 271.639 270.521 0.9323 0.9375
00 271.824 270.747 0.9162 0.9209
00 272.100 271.096 0.8488 0.8520
00 272.170 270.963 0.9148 0.9206
00 271.713 270.564 0.9192 0.9248
00 272.005 270.911 0.9130 0.9177
00 272.139 271.136 0.8530 0.8562
00 272.240 271.011 0.8835 0.8892
00 272.469 271.298 0.9149 0.9200
00 272.894 271.726 0.9058 0.9112
00 273.130 271.997 0.8518 0.8563
00 272.764 271.646 0.8456 0.8505
00 272.650 271.500 0.9173 0.9224
00 273.082 271.863 0.8848 0.8904
00 273.347 272.169 0.8446 0.8492
00 273.230 272.194 0.8292 0.8323
00 271.460 270.362 0.9492 0.9539
00 271.460 270.548 0.9635 0.9667
00 271.460 270.311 0.9440 0.9493
00 271.460 270.518 0.9644 0.9680
00 271.460 270.449 0.9573 0.9612
00 271.460 270.533 0.9624 0.9657
00 271.460 270.377 0.9494 0.9540
00 271.460 270.526 0.9650 0.9684
00 271.460 270.462 0.9581 0.9618
00 271.460 270.517 0.9609 0.9644
00 271.460 270.409 0.9517 0.9559
00 271.460 270.521 0.9647 0.9682
00 271.460 270.465 0.9581 0.9618
00 271.460 270.512 0.9599 0.9635
00 271.460 270.446 0.9552 0.9590
00 271.460 270.535 0.9654 0.9687
00 271.460 270.465 0.9580 0.9617
00 271.460 270.511 0.9592 0.9628
00 271.460 270.447 0.9558 0.9597
00 271.460 270.553 0.9661 0.9693
00 271.460 270.401 0.9525 0.9568
00 271.460 270.513 0.9590 0.9626
00 271.460 270.393 0.9513 0.9557
00 271.460 270.560 0.9661 0.9692
00 271.460 270.345 0.9475 0.9524
00 271.460 270.510 0.9587 0.9623
00 271.460 270.275 0.9371 0.9427
00 271.460 270.550 0.9652 0.9684
00 271.460 270.310 0.9431 0.9484
00 271.460 270.504 0.9580 0.9615
00 271.460 270.166 0.9179 0.9245
00 271.460 270.524 0.9632 0.9667
00 271.460 270.313 0.9425 0.9477
00 271.460 270.495 0.9568 0.9604
00 271.460 270.181 0.9020 0.9083
00 271.460 270.513 0.9616 0.9652
00 271.460 270.342 0.9450 0.9499
00 271.460 270.482 0.9548 0.9583
00 271.460 270.329 0.8714 0.8757
00 271.460 270.520 0.9609 0.9644
00 271.460 270.418 0.9509 0.9551
00 271.460 270.474 0.9526 0.9561
00 271.460 270.532 0.8532 0.8563
00 271.460 270.522 0.9595 0.9630
00 271.460 270.451 0.9530 0.9568
00 271.460 270.456 0.9492 0.9529
00 271.460 270.516 0.8462 0.8492
00 271.460 270.521 0.9572 0.9607
00 271.460 270.470 0.9535 0.9571
00 271.460 270.421 0.9436 0.9477
00 271.460 270.515 0.8446 0.8476
00 271.467 270.524 0.9525 0.9560
00 271.565 270.588 0.9521 0.9560
00 271.729 270.620 0.9283 0.9335
00 271.684 270.723 0.8454 0.8488
00 271.802 270.804 0.9409 0.9448
00 271.913 270.897 0.9453 0.9494
00 271.901 270.815 0.9220 0.9268
00 272.400 271.366 0.8494 0.8524
00 272.375 271.253 0.9090 0.9136
00 272.111 271.005 0.9281 0.9329
00 272.098 271.046 0.9211 0.9253
00 272.355 271.356 0.8567 0.8595
00 272.162 271.122 0.8788 0.8825
00 272.445 271.323 0.9233 0.9279
00 272.664 271.597 0.9222 0.9269
00 272.907 271.849 0.8569 0.8610
00 272.821 271.778 0.8503 0.8543
00 272.571 271.416 0.9157 0.9205
00 272.876 271.782 0.9189 0.9237
00 273.267 272.150 0.8489 0.8530
00 273.191 272.201 0.8332 0.8359
00 271.460 270.396 0.9500 0.9544
00 271.460 270.558 0.9642 0.9673
00 271.460 270.436 0.9550 0.9590
00 271.460 270.571 0.9653 0.9683
00 271.460 270.448 0.9563 0.9601
00 271.460 270.522 0.9614 0.9649
00 271.460 270.372 0.9487 0.9533
00 271.460 270.544 0.9644 0.9677
00 271.460 270.455 0.9574 0.9612
00 271.460 270.509 0.9602 0.9637
00 271.460 270.381 0.9493 0.9539
00 271.460 270.544 0.9647 0.9680
00 271.460 270.455 0.9577 0.9615
00 271.460 270.518 0.9605 0.9640
00 271.460 270.411 0.9513 0.9556
00 271.460 270.540 0.9645 0.9678
00 271.460 270.459 0.9579 0.9617
00 271.460 270.524 0.9604 0.9639
00 271.460 270.446 0.9555 0.9594
00 271.460 270.549 0.9650 0.9682
00 271.460 270.461 0.9580 0.9617
00 271.460 270.525 0.9599 0.9634
00 271.460 270.425 0.9541 0.9582
00 271.460 270.563 0.9657 0.9687
00 271.460 270.422 0.9548 0.9590
00 271.460 270.524 0.9595 0.9629
00 271.460 270.366 0.9484 0.9531
00 271.460 270.566 0.9656 0.9686
00 271.460 270.332 0.9472 0.9522
00 271.460 270.516 0.9588 0.9623
00 271.460 270.210 0.9282 0.9344
00 271.460 270.546 0.9640 0.9672
00 271.460 270.289 0.9431 0.9485
00 271.460 270.517 0.9588 0.9623
00 271.460 270.160 0.9114 0.9180
00 271.460 270.528 0.9622 0.9657
00 271.460 270.292 0.9425 0.9480
00 271.460 270.515 0.9584 0.9620
00 271.460 270.210 0.8907 0.8966
00 271.460 270.532 0.9614 0.9648
00 271.460 270.305 0.9435 0.9488
00 271.460 270.511 0.9576 0.9612
00 271.460 270.411 0.8557 0.8590
00 271.460 270.537 0.9605 0.9638
00 271.460 270.353 0.9464 0.9512
00 271.460 270.505 0.9564 0.9599
00 271.460 270.515 0.8521 0.8551
00 271.460 270.540 0.9591 0.9624
00 271.460 270.431 0.9518 0.9558
00 271.460 270.501 0.9550 0.9585
00 271.460 270.510 0.8463 0.8494
00 271.460 270.545 0.9568 0.9600
00 271.460 270.451 0.9512 0.9550
00 271.460 270.491 0.9526 0.9561
00 271.460 270.527 0.8443 0.8473
00 271.460 270.530 0.9485 0.9519
00 271.460 270.455 0.9471 0.9508
00 271.646 270.645 0.9481 0.9522
00 271.886 270.915 0.8429 0.8461
00 271.546 270.578 0.9270 0.9308
00 271.795 270.823 0.9482 0.9519
00 272.119 271.054 0.9384 0.9429
00 272.917 271.838 0.8468 0.8510
00 272.702 271.693 0.9008 0.9048
00 272.391 271.366 0.9411 0.9449
00 272.490 271.395 0.9298 0.9342
00 272.898 271.859 0.8529 0.8567
00 273.030 272.062 0.8830 0.8861
00 273.073 271.962 0.9301 0.9349
00 273.139 272.009 0.9200 0.9249
00 273.382 272.294 0.8542 0.8578
00 273.696 272.604 0.8513 0.8560
00 272.937 271.798 0.9216 0.9268
00 273.707 272.600 0.9241 0.9290
00 273.850 272.680 0.8470 0.8522
00 273.857 272.786 0.8312 0.8353
00 271.460 270.333 0.9432 0.9482
00 271.460 270.565 0.9646 0.9677
00 271.460 270.444 0.9549 0.9587
00 271.460 270.589 0.9611 0.9638
00 271.460 270.403 0.9517 0.9560
00 271.460 270.561 0.9636 0.9667
00 271.460 270.425 0.9526 0.9567
00 271.460 270.587 0.9638 0.9666
00 271.460 270.435 0.9558 0.9598
00 271.460 270.544 0.9623 0.9656
00 271.460 270.412 0.9514 0.9556
00 271.460 270.569 0.9638 0.9668
00 271.460 270.443 0.9568 0.9607
00 271.460 270.529 0.9610 0.9645
00 271.460 270.386 0.9489 0.9534
00 271.460 270.559 0.9636 0.9667
00 271.460 270.448 0.9574 0.9612
00 271.460 270.510 0.9594 0.9629
00 271.460 270.405 0.9506 0.9549
00 271.460 270.557 0.9635 0.9667
00 271.460 270.442 0.9572 0.9611
00 271.460 270.516 0.9594 0.9629
00 271.460 270.433 0.9548 0.9588
00 271.460 270.559 0.9638 0.9669
00 271.460 270.402 0.9542 0.9585
00 271.460 270.526 0.9599 0.9633
00 271.460 270.411 0.9527 0.9570
00 271.460 270.565 0.9642 0.9672
00 271.460 270.396 0.9539 0.9583
00 271.460 270.530 0.9599 0.9633
00 271.460 270.343 0.9454 0.9503
00 271.460 270.569 0.9642 0.9671
00 271.460 270.325 0.9477 0.9528
00 271.460 270.521 0.9591 0.9626
00 271.460 270.203 0.9251 0.9314
00 271.460 270.556 0.9629 0.9660
00 271.460 270.262 0.9424 0.9481
00 271.460 270.515 0.9586 0.9621
00 271.460 270.164 0.9069 0.9134
00 271.460 270.550 0.9618 0.9650
00 271.460 270.280 0.9433 0.9489
00 271.460 270.514 0.9584 0.9619
00 271.460 270.224 0.8834 0.8890
00 271.460 270.557 0.9612 0.9644
00 271.460 270.285 0.9429 0.9485
00 271.460 270.522 0.9586 0.9621
00 271.460 270.405 0.8587 0.8620
00 271.460 270.557 0.9601 0.9632
00 271.460 270.300 0.9430 0.9484
00 271.460 270.525 0.9582 0.9617
00 271.460 270.490 0.8546 0.8577
00 271.460 270.563 0.9588 0.9619
00 271.460 270.410 0.9502 0.9544
00 271.460 270.527 0.9578 0.9613
00 271.460 270.504 0.8501 0.8531
00 271.460 270.559 0.9542 0.9573
00 271.460 270.386 0.9439 0.9484
00 271.468 270.536 0.9572 0.9606
00 271.460 270.522 0.8468 0.8498
00 271.460 270.534 0.9407 0.9440
00 271.466 270.445 0.9428 0.9467
00 271.513 270.575 0.9557 0.9592
00 271.593 270.651 0.8429 0.8464
00 271.523 270.616 0.9118 0.9149
00 271.675 270.708 0.9469 0.9506
00 271.776 270.811 0.9518 0.9555
00 271.870 270.912 0.8418 0.8449
00 271.904 271.081 0.8922 0.8939
00 272.154 271.138 0.9391 0.9430
00 271.962 270.964 0.9456 0.9495
00 272.125 271.165 0.8449 0.8476
00 272.508 271.659 0.8810 0.8835
00 272.434 271.395 0.9337 0.9376
00 272.515 271.467 0.9379 0.9418
00 272.875 271.822 0.8434 0.8474
00 273.581 272.582 0.8496 0.8535
00 272.709 271.625 0.9256 0.9304
00 273.197 272.097 0.9280 0.9325
00 273.235 272.125 0.8365 0.8404
00 273.992 272.913 0.8339 0.8379
00 271.460 270.259 0.9350 0.9408
00 271.460 270.569 0.9652 0.9681
00 271.460 270.344 0.9462 0.9511
00 271.460 270.296 0.9097 0.9148
00 271.460 270.353 0.9455 0.9503
00 271.460 270.558 0.9639 0.9670
00 271.460 270.371 0.9471 0.9517
00 271.460 270.402 0.9377 0.9418
00 271.460 270.382 0.9504 0.9549
00 271.460 270.558 0.9633 0.9664
00 271.460 270.423 0.9517 0.9558
00 271.460 270.504 0.9538 0.9573
00 271.460 270.380 0.9509 0.9555
00 271.460 270.562 0.9633 0.9664
00 271.460 270.428 0.9521 0.9562
00 271.460 270.559 0.9602 0.9633
00 271.460 270.370 0.9509 0.9555
00 271.460 270.554 0.9625 0.9657
00 271.460 270.403 0.9496 0.9539
00 271.460 270.573 0.9619 0.9648
00 271.460 270.406 0.9547 0.9591
00 271.460 270.530 0.9606 0.9640
00 271.460 270.404 0.9504 0.9547
00 271.460 270.573 0.9620 0.9650
00 271.460 270.412 0.9552 0.9595
00 271.460 270.508 0.9586 0.9622
00 271.460 270.427 0.9542 0.9582
00 271.460 270.572 0.9620 0.9649
00 271.460 270.332 0.9482 0.9533
00 271.460 270.498 0.9576 0.9611
00 271.460 270.406 0.9520 0.9563
00 271.460 270.570 0.9620 0.9650
00 271.460 270.278 0.9447 0.9503
00 271.460 270.510 0.9583 0.9618
00 271.460 270.345 0.9448 0.9497
00 271.460 270.579 0.9624 0.9653
00 271.460 270.236 0.9416 0.9477
00 271.460 270.525 0.9593 0.9628
00 271.460 270.206 0.9244 0.9306
00 271.460 270.577 0.9618 0.9647
00 271.460 270.253 0.9423 0.9482
00 271.460 270.521 0.9591 0.9626
00 271.460 270.178 0.9063 0.9126
00 271.460 270.578 0.9613 0.9642
00 271.460 270.268 0.9424 0.9482
00 271.460 270.517 0.9586 0.9622
00 271.460 270.218 0.8832 0.8889
00 271.460 270.582 0.9608 0.9637
00 271.460 270.293 0.9433 0.9488
00 271.460 270.533 0.9593 0.9627
00 271.460 270.334 0.8648 0.8690
00 271.460 270.581 0.9597 0.9626
00 271.460 270.360 0.9471 0.9519
00 271.460 270.528 0.9585 0.9620
00 271.460 270.428 0.8584 0.8615
00 271.460 270.580 0.9572 0.9601
00 271.460 270.370 0.9451 0.9497
00 271.461 270.528 0.9579 0.9613
00 271.466 270.484 0.8568 0.8599
00 271.460 270.564 0.9476 0.9506
00 271.471 270.351 0.9365 0.9413
00 271.712 270.780 0.9576 0.9609
00 271.781 270.772 0.8522 0.8560
00 271.544 270.628 0.9193 0.9225
00 271.504 270.446 0.9344 0.9386
00 271.654 270.728 0.9565 0.9598
00 272.067 271.030 0.8478 0.8514
00 271.789 270.949 0.8946 0.8967
00 271.469 270.525 0.9440 0.9476
00 271.596 270.678 0.9552 0.9584
00 271.999 270.985 0.8437 0.8472
00 271.932 271.169 0.8956 0.8967
00 271.460 270.487 0.9356 0.9390
00 271.493 270.575 0.9528 0.9561
00 271.784 270.817 0.8406 0.8439
00 272.160 271.416 0.8744 0.8748
00 271.558 270.575 0.9310 0.9350
00 271.885 270.937 0.9489 0.9523
00 272.093 271.097 0.8376 0.8407
00 272.504 271.708 0.8565 0.8584
00 272.789 271.703 0.9245 0.9292
00 272.843 271.832 0.9434 0.9473
00 273.452 272.275 0.8348 0.8390
00 273.495 272.499 0.8386 0.8417
00 271.460 270.270 0.9369 0.9426
00 271.460 270.564 0.9639 0.9669
00 271.460 270.287 0.9385 0.9439
00 271.460 270.237 0.8962 0.9018
00 271.460 270.277 0.9398 0.9454
00 271.460 270.567 0.9638 0.9668
00 271.460 270.398 0.9493 0.9537
00 271.460 270.241 0.9110 0.9166
00 271.460 270.287 0.9410 0.9465
00 271.460 270.569 0.9638 0.9668
00 271.460 270.430 0.9518 0.9558
00 271.460 270.291 0.9269 0.9322
00 271.460 270.331 0.9448 0.9498
00 271.460 270.556 0.9627 0.9658
00 271.460 270.416 0.9502 0.9544
00 271.460 270.412 0.9436 0.9477
00 271.460 270.358 0.9486 0.9534
00 271.460 270.535 0.9610 0.9644
00 271.460 270.396 0.9497 0.9541
00 271.460 270.518 0.9535 0.9570
00 271.460 270.387 0.9517 0.9562
00 271.460 270.521 0.9596 0.9632
00 271.460 270.423 0.9539 0.9580
00 271.460 270.564 0.9577 0.9607
00 271.460 270.268 0.9413 0.9470
00 271.460 270.514 0.9585 0.9621
00 271.460 270.408 0.9520 0.9562
00 271.460 270.589 0.9598 0.9626
00 271.460 270.230 0.9368 0.9429
00 271.460 270.484 0.9563 0.9598
00 271.460 270.367 0.9471 0.9518
00 271.460 270.603 0.9610 0.9636
00 271.460 270.236 0.9386 0.9447
00 271.460 270.471 0.9551 0.9587
00 271.460 270.224 0.9266 0.9326
00 271.460 270.607 0.9610 0.9635
00 271.460 270.284 0.9426 0.9481
00 271.460 270.485 0.9564 0.9599
00 271.460 270.176 0.9082 0.9146
00 271.460 270.608 0.9607 0.9633
00 271.460 270.290 0.9413 0.9468
00 271.460 270.508 0.9582 0.9617
00 271.460 270.221 0.8925 0.8982
00 271.460 270.607 0.9598 0.9624
00 271.460 270.309 0.9405 0.9457
00 271.460 270.525 0.9591 0.9626
00 271.460 270.294 0.8779 0.8827
00 271.460 270.602 0.9576 0.9602
00 271.460 270.320 0.9380 0.9431
00 271.460 270.528 0.9589 0.9623
00 271.460 270.351 0.8679 0.8719
00 271.460 270.594 0.9512 0.9539
00 271.460 270.352 0.9360 0.9407
00 271.460 270.527 0.9581 0.9616
00 271.470 270.431 0.8656 0.8689
00 271.510 270.640 0.9337 0.9365
00 271.525 270.465 0.9346 0.9387
00 271.673 270.736 0.9571 0.9605
00 271.595 270.568 0.8629 0.8672
00 271.788 270.946 0.9025 0.9047
00 271.854 270.836 0.9337 0.9378
00 271.736 270.806 0.9560 0.9593
00 271.795 270.756 0.8600 0.8641
00 271.887 271.114 0.8998 0.9011
00 271.635 270.683 0.9371 0.9407
00 271.874 270.950 0.9550 0.9581
00 271.797 270.768 0.8554 0.8594
00 272.062 271.330 0.8879 0.8885
00 271.780 270.839 0.9370 0.9403
00 271.926 271.004 0.9534 0.9565
00 271.938 270.908 0.8524 0.8562
00 272.272 271.564 0.8754 0.8767
00 272.628 271.653 0.9366 0.9403
00 272.742 271.791 0.9517 0.9551
00 272.747 271.632 0.8572 0.8621
00 273.259 272.397 0.8611 0.8625
00 273.383 272.333 0.9306 0.9345
00 273.042 272.081 0.9501 0.9535
00 273.319 272.147 0.8595 0.8641
00 273.478 272.510 0.8418 0.8448
00 271.460 270.285 0.9370 0.9425
00 271.460 270.575 0.9649 0.9678
00 271.460 270.217 0.9314 0.9375
00 271.460 270.184 0.9010 0.9072
00 271.460 270.284 0.9361 0.9416
00 271.460 270.568 0.9641 0.9671
00 271.460 270.258 0.9361 0.9418
00 271.460 270.216 0.8956 0.9014
00 271.460 270.279 0.9360 0.9415
00 271.460 270.580 0.9648 0.9677
00 271.460 270.363 0.9461 0.9508
00 271.460 270.240 0.8875 0.8929
00 271.460 270.305 0.9370 0.9423
00 271.460 270.571 0.9641 0.9671
00 271.460 270.425 0.9512 0.9553
00 271.460 270.276 0.8746 0.8795
00 271.460 270.305 0.9363 0.9415
00 271.460 270.560 0.9633 0.9664
00 271.460 270.389 0.9478 0.9522
00 271.460 270.275 0.8849 0.8900
00 271.460 270.329 0.9422 0.9473
00 271.460 270.547 0.9622 0.9654
00 271.460 270.401 0.9500 0.9543
00 271.460 270.288 0.9037 0.9088
00 271.460 270.410 0.9519 0.9561
00 271.460 270.540 0.9614 0.9647
00 271.460 270.414 0.9530 0.9572
00 271.460 270.390 0.9250 0.9292
00 271.460 270.320 0.9429 0.9481
00 271.460 270.524 0.9599 0.9634
00 271.460 270.412 0.9523 0.9565
00 271.460 270.517 0.9456 0.9491
00 271.460 270.285 0.9365 0.9420
00 271.460 270.515 0.9585 0.9621
00 271.460 270.392 0.9493 0.9537
00 271.460 270.589 0.9534 0.9562
00 271.460 270.392 0.9449 0.9493
00 271.460 270.479 0.9552 0.9587
00 271.460 270.292 0.9354 0.9408
00 271.460 270.620 0.9564 0.9589
00 271.460 270.410 0.9481 0.9523
00 271.460 270.427 0.9499 0.9539
00 271.460 270.184 0.9132 0.9196
00 271.460 270.628 0.9567 0.9590
00 271.460 270.334 0.9364 0.9413
00 271.460 270.402 0.9475 0.9518
00 271.460 270.218 0.9019 0.9078
00 271.460 270.621 0.9541 0.9566
00 271.460 270.326 0.9290 0.9339
00 271.460 270.400 0.9472 0.9515
00 271.460 270.281 0.8916 0.8967
00 271.460 270.613 0.9479 0.9504
00 271.460 270.366 0.9238 0.9283
00 271.460 270.374 0.9438 0.9484
00 271.460 270.315 0.8832 0.8878
00 271.460 270.628 0.9329 0.9353
00 271.460 270.455 0.9293 0.9328
00 271.460 270.396 0.9437 0.9480
00 271.460 270.359 0.8805 0.8846
00 271.557 270.755 0.9083 0.9103
00 271.460 270.498 0.9321 0.9355
00 271.460 270.449 0.9467 0.9505
00 271.460 270.403 0.8812 0.8848
00 271.949 271.167 0.9033 0.9046
00 271.546 270.601 0.9319 0.9354
00 271.671 270.697 0.9498 0.9536
00 271.650 270.604 0.8819 0.8864
00 271.952 271.224 0.8967 0.8973
00 271.739 270.795 0.9323 0.9357
00 271.845 270.903 0.9528 0.9561
00 272.093 271.028 0.8833 0.8874
00 272.379 271.667 0.8840 0.8851
00 272.244 271.279 0.9323 0.9355
00 272.091 271.153 0.9527 0.9559
00 272.197 271.143 0.8869 0.8908
00 272.615 271.898 0.8774 0.8783
00 272.845 271.856 0.9337 0.9373
00 272.656 271.702 0.9519 0.9553
00 272.776 271.691 0.8928 0.8974
00 273.101 272.260 0.8581 0.8595
00 273.071 272.082 0.9359 0.9394
00 272.820 271.863 0.9505 0.9539
00 272.996 271.922 0.8984 0.9027
00 273.147 272.239 0.8482 0.8502
00 271.460 270.323 0.9398 0.9449
00 271.460 270.571 0.9651 0.9681
00 271.460 270.238 0.9330 0.9389
00 271.460 270.277 0.9107 0.9160
00 271.460 270.275 0.9324 0.9379
00 271.460 270.574 0.9647 0.9677
00 271.460 270.371 0.9465 0.9511
00 271.460 270.213 0.8876 0.8933
00 271.460 270.398 0.9485 0.9528
00 271.460 270.580 0.9639 0.9668
00 271.460 270.351 0.9476 0.9524
00 271.460 270.413 0.8763 0.8797
00 271.460 270.373 0.9447 0.9493
00 271.460 270.551 0.9613 0.9645
00 271.460 270.413 0.9527 0.9569
00 271.460 270.419 0.8980 0.9016
00 271.460 270.322 0.9360 0.9411
00 271.460 270.517 0.9591 0.9627
00 271.460 270.408 0.9510 0.9552
00 271.460 270.458 0.9153 0.9186
00 271.460 270.378 0.9321 0.9365
00 271.460 270.502 0.9581 0.9616
00 271.460 270.394 0.9477 0.9521
00 271.460 270.573 0.9352 0.9381
00 271.460 270.373 0.9281 0.9325
00 271.460 270.456 0.9531 0.9569
00 271.460 270.233 0.9238 0.9297
00 271.460 270.634 0.9417 0.9440
00 271.460 270.370 0.9233 0.9277
00 271.460 270.393 0.9465 0.9508
00 271.460 270.215 0.9099 0.9159
00 271.460 270.648 0.9359 0.9381
00 271.460 270.409 0.9229 0.9269
00 271.460 270.337 0.9405 0.9454
00 271.460 270.272 0.9022 0.9074
00 271.460 270.652 0.9130 0.9151
00 271.460 270.469 0.9305 0.9339
00 271.460 270.329 0.9384 0.9434
00 271.460 270.342 0.9015 0.9060
00 271.460 270.698 0.9043 0.9060
00 271.460 270.514 0.9367 0.9402
00 271.460 270.336 0.9367 0.9417
00 271.460 270.384 0.9023 0.9064
00 271.467 270.736 0.9027 0.9040
00 271.460 270.523 0.9374 0.9409
00 271.460 270.363 0.9363 0.9409
00 271.460 270.432 0.9095 0.9130
00 271.611 270.913 0.9004 0.9012
00 271.481 270.569 0.9411 0.9443
00 271.626 270.591 0.9409 0.9453
00 271.621 270.614 0.9146 0.9187
00 271.888 271.216 0.8927 0.8928
00 272.014 271.102 0.9431 0.9460
00 272.239 271.208 0.9425 0.9465
00 272.127 271.109 0.9182 0.9220
00 272.350 271.663 0.8863 0.8872
00 272.299 271.397 0.9455 0.9481
00 272.407 271.393 0.9442 0.9479
00 272.372 271.353 0.9200 0.9235
00 272.797 272.036 0.8713 0.8724
00 272.395 271.482 0.9450 0.9477
00 272.503 271.520 0.9475 0.9513
00 272.496 271.485 0.9217 0.9253
00 272.881 272.057 0.8570 0.8586
00 272.627 271.686 0.9423 0.9457
00 272.693 271.724 0.9494 0.9530
00 272.526 271.527 0.9230 0.9269
00 272.893 272.031 0.8545 0.8564
00 271.460 270.439 0.9492 0.9531
00 271.460 270.523 0.9591 0.9626
00 271.460 270.413 0.9530 0.9572
00 271.460 270.589 0.8813 0.8841
00 271.460 270.439 0.9474 0.9512
00 271.460 270.530 0.9601 0.9635
00 271.460 270.413 0.9517 0.9559
00 271.460 270.543 0.8888 0.8920
00 271.460 270.436 0.9421 0.9459
00 271.460 270.509 0.9588 0.9624
00 271.460 270.425 0.9509 0.9550
00 271.460 270.552 0.8962 0.8994
00 271.460 270.460 0.9390 0.9426
00 271.460 270.504 0.9584 0.9619
00 271.460 270.418 0.9477 0.9518
00 271.460 270.623 0.9006 0.9031
00 271.460 270.495 0.9414 0.9449
00 271.460 270.470 0.9544 0.9580
00 271.460 270.334 0.9312 0.9361
00 271.460 270.684 0.8979 0.8996
00 271.460 270.516 0.9427 0.9462
00 271.460 270.419 0.9482 0.9523
00 271.460 270.329 0.9167 0.9214
00 271.460 270.711 0.8955 0.8970
00 271.460 270.521 0.9405 0.9439
00 271.460 270.363 0.9406 0.9453
00 271.460 270.420 0.9204 0.9242
00 271.460 270.747 0.8995 0.9006
00 271.460 270.520 0.9369 0.9404
00 271.460 270.372 0.9376 0.9422
00 271.460 270.480 0.9280 0.9314
00 271.495 270.822 0.8982 0.8988
00 271.460 270.513 0.9356 0.9391
00 271.460 270.409 0.9381 0.9422
00 271.460 270.515 0.9314 0.9348
00 271.652 271.002 0.8929 0.8931
00 271.460 270.480 0.9326 0.9360
00 271.462 270.472 0.9430 0.9465
00 271.463 270.545 0.9345 0.9378
00 271.828 271.175 0.8862 0.8862
00 271.617 270.584 0.9259 0.9303
00 271.810 270.817 0.9429 0.9467
00 271.736 270.823 0.9384 0.9415
00 272.366 271.638 0.8727 0.8740
00 272.228 271.119 0.9157 0.9203
00 272.031 271.039 0.9433 0.9470
00 272.125 271.204 0.9405 0.9434
00 272.420 271.648 0.8585 0.8603
00 272.678 271.561 0.9165 0.9217
00 272.532 271.530 0.9449 0.9490
00 272.386 271.465 0.9424 0.9451
00 272.783 271.933 0.8540 0.8561
00 273.261 272.140 0.9214 0.9261
00 273.033 272.038 0.9482 0.9519
00 272.905 271.973 0.9443 0.9474
00 273.213 272.334 0.8757 0.8774
00 273.213 272.334 0.8757 0.8774
