00 271.461 270.463 0.9614 0.9651
00 271.460 270.457 0.9612 0.9650
00 271.460 270.429 0.9532 0.9572
00 271.460 270.270 0.9296 0.9352
00 271.461 270.449 0.9602 0.9641
00 271.460 270.443 0.9602 0.9642
00 271.460 270.301 0.9374 0.9427
00 271.460 270.267 0.9309 0.9365
00 271.461 270.444 0.9595 0.9634
00 271.460 270.435 0.9596 0.9636
00 271.460 270.313 0.9353 0.9405
00 271.460 270.296 0.9337 0.9390
00 271.461 270.440 0.9587 0.9627
00 271.460 270.419 0.9585 0.9628
00 271.460 270.425 0.9460 0.9500
00 271.460 270.303 0.9338 0.9391
00 271.461 270.435 0.9580 0.9620
00 271.460 270.397 0.9570 0.9614
00 271.460 270.459 0.9486 0.9523
00 271.460 270.278 0.9313 0.9368
00 271.461 270.431 0.9574 0.9614
00 271.460 270.379 0.9546 0.9592
00 271.460 270.478 0.9495 0.9530
00 271.460 270.245 0.9289 0.9347
00 271.461 270.429 0.9569 0.9610
00 271.460 270.388 0.9537 0.9582
00 271.460 270.506 0.9516 0.9551
00 271.460 270.237 0.9258 0.9317
00 271.461 270.423 0.9561 0.9603
00 271.460 270.395 0.9525 0.9569
00 271.460 270.543 0.9543 0.9576
00 271.460 270.224 0.9190 0.9250
00 271.461 270.385 0.9522 0.9567
00 271.460 270.348 0.9462 0.9511
00 271.460 270.573 0.9565 0.9595
00 271.460 270.255 0.9157 0.9213
00 271.461 270.317 0.9458 0.9510
00 271.460 270.281 0.9378 0.9433
00 271.460 270.591 0.9576 0.9604
00 271.460 270.257 0.9226 0.9282
00 271.461 270.314 0.9448 0.9501
00 271.460 270.272 0.9336 0.9392
00 271.460 270.600 0.9583 0.9610
00 271.460 270.303 0.9399 0.9452
00 271.461 270.307 0.9435 0.9488
00 271.460 270.272 0.9296 0.9352
00 271.460 270.607 0.9586 0.9612
00 271.460 270.474 0.9579 0.9615
00 271.461 270.302 0.9420 0.9473
00 271.460 270.246 0.9213 0.9271
00 271.460 270.614 0.9583 0.9608
00 271.460 270.507 0.9611 0.9647
00 271.461 270.284 0.9396 0.9451
00 271.460 270.214 0.9082 0.9142
00 271.460 270.620 0.9579 0.9603
00 271.460 270.505 0.9601 0.9636
00 271.462 270.280 0.9388 0.9444
00 271.460 270.187 0.8860 0.8920
00 271.460 270.622 0.9568 0.9592
00 271.463 270.476 0.9555 0.9591
00 272.313 271.098 0.9386 0.9445
00 271.646 270.397 0.8615 0.8668
00 271.821 270.964 0.9537 0.9561
00 272.359 271.269 0.9448 0.9493
00 273.041 271.806 0.9382 0.9443
00 273.047 271.744 0.8431 0.8495
00 272.380 271.490 0.9491 0.9517
00 272.591 271.402 0.9308 0.9361
00 273.113 271.896 0.9387 0.9447
00 273.316 272.096 0.8226 0.8275
00 273.303 272.344 0.9406 0.9436
00 273.293 272.049 0.9190 0.9250
00 271.461 270.445 0.9605 0.9644
00 271.460 270.463 0.9612 0.9649
00 271.460 270.386 0.9512 0.9557
00 271.460 270.276 0.9271 0.9326
00 271.461 270.414 0.9584 0.9626
00 271.460 270.443 0.9598 0.9638
00 271.460 270.394 0.9493 0.9537
00 271.460 270.282 0.9311 0.9365
00 271.461 270.395 0.9564 0.9608
00 271.460 270.422 0.9584 0.9626
00 271.460 270.312 0.9388 0.9440
00 271.460 270.307 0.9333 0.9385
00 271.461 270.381 0.9543 0.9589
00 271.460 270.394 0.9568 0.9612
00 271.460 270.360 0.9405 0.9452
00 271.460 270.326 0.9343 0.9393
00 271.461 270.383 0.9537 0.9582
00 271.460 270.384 0.9550 0.9596
00 271.460 270.436 0.9474 0.9513
00 271.460 270.308 0.9323 0.9375
00 271.461 270.384 0.9530 0.9575
00 271.460 270.405 0.9552 0.9596
00 271.460 270.456 0.9485 0.9522
00 271.460 270.278 0.9318 0.9373
00 271.461 270.380 0.9518 0.9564
00 271.460 270.408 0.9538 0.9581
00 271.460 270.480 0.9497 0.9533
00 271.460 270.239 0.9261 0.9319
00 271.461 270.372 0.9505 0.9551
00 271.460 270.382 0.9501 0.9547
00 271.460 270.516 0.9525 0.9560
00 271.460 270.219 0.9178 0.9238
00 271.461 270.342 0.9473 0.9522
00 271.460 270.299 0.9399 0.9452
00 271.460 270.547 0.9544 0.9576
00 271.460 270.240 0.9149 0.9206
00 271.461 270.331 0.9459 0.9509
00 271.460 270.251 0.9324 0.9382
00 271.460 270.573 0.9560 0.9589
00 271.460 270.258 0.9250 0.9306
00 271.461 270.300 0.9430 0.9484
00 271.460 270.256 0.9286 0.9343
00 271.460 270.589 0.9573 0.9601
00 271.460 270.332 0.9401 0.9451
00 271.461 270.299 0.9424 0.9478
00 271.460 270.227 0.9185 0.9245
00 271.460 270.603 0.9584 0.9611
00 271.460 270.494 0.9576 0.9611
00 271.461 270.302 0.9416 0.9470
00 271.460 270.201 0.9022 0.9082
00 271.460 270.615 0.9591 0.9616
00 271.460 270.517 0.9598 0.9633
00 271.461 270.299 0.9401 0.9455
00 271.460 270.199 0.8774 0.8833
00 271.460 270.624 0.9590 0.9614
00 271.460 270.493 0.9567 0.9602
00 271.773 270.593 0.9390 0.9449
00 271.460 270.273 0.8551 0.8598
00 271.465 270.638 0.9584 0.9607
00 271.596 270.578 0.9499 0.9542
00 272.415 271.226 0.9400 0.9455
00 272.324 271.138 0.8343 0.8390
00 271.877 271.042 0.9570 0.9592
00 272.023 270.954 0.9432 0.9478
00 273.111 271.929 0.9415 0.9471
00 273.244 272.009 0.8164 0.8216
00 272.890 272.007 0.9530 0.9556
00 272.760 271.604 0.9307 0.9362
00 273.449 272.229 0.9378 0.9435
00 273.513 272.298 0.8070 0.8113
00 273.523 272.607 0.9486 0.9516
00 273.315 272.139 0.9215 0.9267
00 271.461 270.355 0.9543 0.9592
00 271.460 270.457 0.9603 0.9642
00 271.460 270.448 0.9579 0.9618
00 271.460 270.281 0.9220 0.9274
00 271.461 270.285 0.9473 0.9528
00 271.460 270.415 0.9578 0.9620
00 271.460 270.425 0.9548 0.9589
00 271.460 270.292 0.9275 0.9328
00 271.461 270.242 0.9424 0.9484
00 271.460 270.396 0.9562 0.9606
00 271.460 270.415 0.9515 0.9557
00 271.460 270.318 0.9323 0.9374
00 271.461 270.243 0.9410 0.9470
00 271.460 270.399 0.9555 0.9599
00 271.460 270.396 0.9472 0.9515
00 271.460 270.331 0.9331 0.9381
00 271.461 270.254 0.9407 0.9465
00 271.460 270.419 0.9557 0.9599
00 271.460 270.426 0.9478 0.9519
00 271.460 270.335 0.9334 0.9383
00 271.461 270.267 0.9410 0.9467
00 271.460 270.416 0.9546 0.9588
00 271.460 270.464 0.9502 0.9539
00 271.460 270.331 0.9361 0.9410
00 271.461 270.278 0.9414 0.9470
00 271.460 270.395 0.9518 0.9562
00 271.460 270.475 0.9500 0.9535
00 271.460 270.260 0.9291 0.9348
00 271.461 270.310 0.9438 0.9491
00 271.460 270.316 0.9424 0.9476
00 271.460 270.498 0.9514 0.9550
00 271.460 270.220 0.9189 0.9249
00 271.461 270.326 0.9450 0.9501
00 271.460 270.236 0.9319 0.9379
00 271.460 270.526 0.9532 0.9567
00 271.460 270.223 0.9138 0.9197
00 271.461 270.291 0.9417 0.9471
00 271.460 270.237 0.9272 0.9331
00 271.460 270.551 0.9544 0.9576
00 271.460 270.244 0.9213 0.9271
00 271.461 270.295 0.9414 0.9468
00 271.460 270.204 0.9154 0.9216
00 271.460 270.573 0.9556 0.9585
00 271.460 270.332 0.9364 0.9413
00 271.461 270.297 0.9409 0.9463
00 271.460 270.190 0.8967 0.9028
00 271.460 270.590 0.9567 0.9595
00 271.460 270.468 0.9521 0.9557
00 271.461 270.287 0.9392 0.9447
00 271.460 270.224 0.8688 0.8743
00 271.460 270.607 0.9580 0.9606
00 271.460 270.492 0.9551 0.9587
00 271.461 270.280 0.9379 0.9435
00 271.460 270.320 0.8476 0.8518
00 271.460 270.623 0.9593 0.9617
00 271.460 270.457 0.9497 0.9534
00 271.466 270.273 0.9364 0.9420
00 271.460 270.418 0.8331 0.8361
00 271.460 270.629 0.9583 0.9607
00 271.465 270.443 0.9448 0.9486
00 272.660 271.414 0.9358 0.9417
00 272.181 271.082 0.8179 0.8218
00 272.366 271.516 0.9575 0.9600
00 272.013 270.952 0.9394 0.9439
00 273.545 272.276 0.9366 0.9428
00 273.710 272.421 0.8099 0.8147
00 273.870 272.979 0.9564 0.9590
00 273.078 271.969 0.9334 0.9382
00 273.896 272.659 0.9389 0.9451
00 273.327 272.187 0.7995 0.8033
00 273.585 272.682 0.9520 0.9548
00 273.567 272.434 0.9254 0.9300
00 271.461 270.270 0.9467 0.9524
00 271.460 270.435 0.9584 0.9624
00 271.460 270.466 0.9602 0.9639
00 271.460 270.253 0.9186 0.9243
00 271.461 270.273 0.9438 0.9495
00 271.460 270.422 0.9566 0.9607
00 271.460 270.446 0.9578 0.9617
00 271.460 270.300 0.9240 0.9291
00 271.461 270.264 0.9406 0.9463
00 271.460 270.416 0.9555 0.9597
00 271.460 270.436 0.9556 0.9596
00 271.460 270.342 0.9309 0.9357
00 271.461 270.254 0.9382 0.9441
00 271.460 270.426 0.9557 0.9598
00 271.460 270.399 0.9492 0.9536
00 271.460 270.346 0.9330 0.9378
00 271.461 270.276 0.9394 0.9450
00 271.460 270.423 0.9552 0.9593
00 271.460 270.432 0.9504 0.9544
00 271.460 270.348 0.9331 0.9378
00 271.461 270.330 0.9437 0.9487
00 271.460 270.400 0.9527 0.9570
00 271.460 270.471 0.9529 0.9565
00 271.460 270.381 0.9386 0.9430
00 271.461 270.384 0.9489 0.9534
00 271.460 270.343 0.9462 0.9511
00 271.460 270.492 0.9526 0.9561
00 271.460 270.321 0.9344 0.9395
00 271.461 270.375 0.9482 0.9528
00 271.460 270.223 0.9321 0.9382
00 271.460 270.507 0.9527 0.9562
00 271.460 270.234 0.9222 0.9280
00 271.461 270.364 0.9471 0.9518
00 271.460 270.218 0.9267 0.9328
00 271.460 270.524 0.9536 0.9571
00 271.460 270.220 0.9146 0.9205
00 271.461 270.303 0.9411 0.9464
00 271.460 270.186 0.9148 0.9211
00 271.460 270.542 0.9543 0.9576
00 271.460 270.225 0.9135 0.9194
00 271.461 270.266 0.9367 0.9424
00 271.460 270.165 0.8941 0.9004
00 271.460 270.559 0.9547 0.9578
00 271.460 270.291 0.9270 0.9323
00 271.461 270.255 0.9349 0.9407
00 271.460 270.263 0.8671 0.8721
00 271.460 270.576 0.9553 0.9583
00 271.460 270.406 0.9410 0.9452
00 271.461 270.254 0.9348 0.9406
00 271.460 270.363 0.8485 0.8522
00 271.460 270.596 0.9566 0.9593
00 271.460 270.481 0.9503 0.9538
00 271.480 270.263 0.9337 0.9396
00 271.460 270.431 0.8367 0.8397
00 271.460 270.620 0.9585 0.9610
00 271.460 270.437 0.9434 0.9473
00 271.484 270.268 0.9331 0.9390
00 271.460 270.461 0.8230 0.8259
00 271.460 270.635 0.9588 0.9611
00 271.460 270.438 0.9394 0.9432
00 272.168 270.947 0.9344 0.9404
00 271.476 270.558 0.8111 0.8141
00 271.706 270.882 0.9579 0.9601
00 271.645 270.622 0.9361 0.9404
00 273.034 271.816 0.9371 0.9431
00 272.938 271.872 0.8045 0.8084
00 272.095 271.256 0.9563 0.9584
00 272.226 271.171 0.9295 0.9337
00 273.266 272.101 0.9427 0.9480
00 273.146 272.118 0.7931 0.7961
00 272.861 271.992 0.9533 0.9558
00 272.976 271.902 0.9257 0.9301
00 271.461 270.291 0.9489 0.9544
00 271.460 270.466 0.9600 0.9637
00 271.460 270.481 0.9629 0.9664
00 271.460 270.211 0.9207 0.9269
00 271.461 270.258 0.9434 0.9493
00 271.460 270.438 0.9573 0.9612
00 271.460 270.478 0.9617 0.9653
00 271.460 270.222 0.9173 0.9233
00 271.461 270.244 0.9398 0.9457
00 271.460 270.435 0.9563 0.9603
00 271.460 270.469 0.9603 0.9639
00 271.460 270.238 0.9178 0.9235
00 271.461 270.246 0.9382 0.9441
00 271.460 270.427 0.9556 0.9597
00 271.460 270.454 0.9581 0.9620
00 271.460 270.268 0.9208 0.9263
00 271.461 270.247 0.9370 0.9429
00 271.460 270.436 0.9560 0.9600
00 271.460 270.424 0.9540 0.9582
00 271.460 270.331 0.9288 0.9337
00 271.461 270.263 0.9375 0.9433
00 271.460 270.421 0.9546 0.9587
00 271.460 270.373 0.9464 0.9510
00 271.460 270.372 0.9344 0.9389
00 271.461 270.277 0.9383 0.9438
00 271.460 270.364 0.9495 0.9542
00 271.460 270.442 0.9511 0.9550
00 271.460 270.429 0.9417 0.9456
00 271.461 270.274 0.9372 0.9428
00 271.460 270.222 0.9337 0.9398
00 271.460 270.488 0.9541 0.9576
00 271.460 270.434 0.9444 0.9483
00 271.461 270.267 0.9367 0.9423
00 271.460 270.191 0.9263 0.9327
00 271.460 270.509 0.9541 0.9576
00 271.460 270.275 0.9282 0.9337
00 271.461 270.246 0.9343 0.9402
00 271.460 270.171 0.9162 0.9227
00 271.460 270.531 0.9548 0.9582
00 271.460 270.232 0.9185 0.9244
00 271.461 270.242 0.9340 0.9400
00 271.460 270.159 0.8970 0.9035
00 271.460 270.547 0.9554 0.9587
00 271.460 270.230 0.9127 0.9185
00 271.461 270.238 0.9345 0.9405
00 271.460 270.259 0.8691 0.8742
00 271.460 270.558 0.9553 0.9585
00 271.460 270.252 0.9183 0.9239
00 271.461 270.225 0.9342 0.9403
00 271.460 270.375 0.8520 0.8556
00 271.460 270.573 0.9556 0.9586
00 271.460 270.332 0.9286 0.9335
00 271.467 270.222 0.9331 0.9392
00 271.460 270.430 0.8381 0.8411
00 271.460 270.588 0.9563 0.9591
00 271.460 270.436 0.9404 0.9442
00 271.517 270.274 0.9323 0.9384
00 271.460 270.473 0.8335 0.8365
00 271.460 270.606 0.9575 0.9602
00 271.460 270.462 0.9429 0.9465
00 271.519 270.286 0.9319 0.9379
00 271.460 270.524 0.8244 0.8274
00 271.507 270.669 0.9586 0.9610
00 271.479 270.493 0.9406 0.9442
00 272.475 271.237 0.9345 0.9405
00 272.410 271.418 0.8152 0.8175
00 273.012 272.139 0.9583 0.9607
00 272.816 271.770 0.9362 0.9405
00 273.233 272.030 0.9396 0.9453
00 273.512 272.418 0.8020 0.8051
00 273.492 272.597 0.9563 0.9591
00 273.460 272.381 0.9321 0.9362
00 273.664 272.548 0.9491 0.9542
00 273.793 272.709 0.7905 0.7947
00 273.856 272.946 0.9535 0.9563
00 273.730 272.657 0.9302 0.9347
00 271.461 270.304 0.9520 0.9574
00 271.460 270.456 0.9607 0.9645
00 271.460 270.450 0.9631 0.9670
00 271.460 270.193 0.9252 0.9316
00 271.461 270.213 0.9422 0.9485
00 271.460 270.460 0.9589 0.9627
00 271.460 270.444 0.9624 0.9663
00 271.460 270.202 0.9222 0.9284
00 271.461 270.216 0.9395 0.9458
00 271.460 270.454 0.9579 0.9617
00 271.460 270.480 0.9631 0.9667
00 271.460 270.202 0.9190 0.9252
00 271.461 270.223 0.9374 0.9435
00 271.460 270.447 0.9573 0.9611
00 271.460 270.467 0.9616 0.9653
00 271.460 270.206 0.9163 0.9224
00 271.461 270.230 0.9356 0.9417
00 271.460 270.446 0.9568 0.9607
00 271.460 270.459 0.9600 0.9638
00 271.460 270.213 0.9151 0.9212
00 271.461 270.241 0.9344 0.9403
00 271.460 270.445 0.9565 0.9604
00 271.460 270.457 0.9584 0.9622
00 271.460 270.232 0.9158 0.9216
00 271.461 270.280 0.9378 0.9434
00 271.460 270.406 0.9530 0.9573
00 271.460 270.439 0.9554 0.9594
00 271.460 270.328 0.9266 0.9314
00 271.461 270.276 0.9371 0.9426
00 271.460 270.308 0.9432 0.9485
00 271.460 270.393 0.9482 0.9526
00 271.460 270.404 0.9363 0.9405
00 271.461 270.259 0.9347 0.9404
00 271.460 270.179 0.9279 0.9344
00 271.460 270.433 0.9497 0.9537
00 271.460 270.475 0.9465 0.9499
00 271.461 270.230 0.9315 0.9376
00 271.460 270.164 0.9201 0.9267
00 271.460 270.489 0.9540 0.9576
00 271.460 270.422 0.9429 0.9469
00 271.461 270.241 0.9352 0.9412
00 271.460 270.139 0.9029 0.9096
00 271.460 270.514 0.9548 0.9583
00 271.460 270.261 0.9246 0.9302
00 271.461 270.235 0.9370 0.9431
00 271.460 270.220 0.8800 0.8856
00 271.460 270.536 0.9554 0.9588
00 271.460 270.239 0.9164 0.9222
00 271.461 270.227 0.9372 0.9433
00 271.460 270.353 0.8567 0.8606
00 271.460 270.553 0.9557 0.9589
00 271.460 270.245 0.9139 0.9196
00 271.461 270.213 0.9355 0.9418
00 271.460 270.408 0.8442 0.8474
00 271.460 270.576 0.9567 0.9596
00 271.460 270.267 0.9196 0.9251
00 271.461 270.208 0.9342 0.9405
00 271.460 270.453 0.8338 0.8368
00 271.460 270.594 0.9573 0.9601
00 271.460 270.354 0.9286 0.9332
00 271.523 270.265 0.9321 0.9384
00 271.460 270.497 0.8278 0.8307
00 271.460 270.609 0.9579 0.9605
00 271.460 270.480 0.9409 0.9444
00 271.753 270.526 0.9344 0.9408
00 271.468 270.575 0.8206 0.8236
00 271.460 270.623 0.9588 0.9613
00 271.460 270.500 0.9405 0.9440
00 272.711 271.538 0.9411 0.9468
00 272.443 271.489 0.8145 0.8171
00 271.820 270.981 0.9589 0.9612
00 271.774 270.805 0.9373 0.9410
00 273.316 272.217 0.9490 0.9536
00 273.245 272.241 0.8052 0.8078
00 272.868 271.997 0.9579 0.9604
00 272.731 271.718 0.9340 0.9381
00 273.747 272.652 0.9491 0.9539
00 273.937 272.877 0.7919 0.7956
00 273.698 272.794 0.9551 0.9579
00 273.404 272.383 0.9337 0.9373
00 271.461 270.375 0.9579 0.9626
00 271.460 270.506 0.9636 0.9672
00 271.460 270.549 0.9689 0.9720
00 271.460 270.225 0.9297 0.9357
00 271.461 270.255 0.9466 0.9525
00 271.460 270.482 0.9610 0.9645
00 271.460 270.529 0.9676 0.9710
00 271.460 270.222 0.9265 0.9326
00 271.461 270.211 0.9405 0.9469
00 271.460 270.480 0.9598 0.9634
00 271.460 270.507 0.9659 0.9694
00 271.460 270.231 0.9256 0.9316
00 271.461 270.197 0.9364 0.9428
00 271.460 270.464 0.9585 0.9622
00 271.460 270.496 0.9646 0.9682
00 271.460 270.236 0.9234 0.9293
00 271.461 270.215 0.9357 0.9419
00 271.460 270.445 0.9569 0.9608
00 271.460 270.503 0.9643 0.9678
00 271.460 270.212 0.9193 0.9254
00 271.461 270.222 0.9329 0.9391
00 271.460 270.451 0.9567 0.9606
00 271.460 270.494 0.9630 0.9665
00 271.460 270.205 0.9155 0.9216
00 271.461 270.250 0.9324 0.9382
00 271.460 270.442 0.9558 0.9598
00 271.460 270.477 0.9611 0.9647
00 271.460 270.208 0.9136 0.9197
00 271.461 270.272 0.9352 0.9408
00 271.460 270.391 0.9512 0.9557
00 271.460 270.477 0.9595 0.9631
00 271.460 270.227 0.9140 0.9199
00 271.461 270.260 0.9339 0.9396
00 271.460 270.242 0.9361 0.9421
00 271.460 270.477 0.9577 0.9613
00 271.460 270.299 0.9228 0.9280
00 271.461 270.238 0.9321 0.9381
00 271.460 270.148 0.9232 0.9300
00 271.460 270.469 0.9558 0.9594
00 271.460 270.412 0.9365 0.9406
00 271.461 270.209 0.9312 0.9374
00 271.460 270.121 0.9115 0.9185
00 271.460 270.481 0.9552 0.9587
00 271.460 270.501 0.9493 0.9528
00 271.461 270.197 0.9335 0.9399
00 271.460 270.150 0.8922 0.8987
00 271.460 270.501 0.9553 0.9589
00 271.460 270.432 0.9433 0.9472
00 271.461 270.206 0.9366 0.9429
00 271.460 270.277 0.8645 0.8693
00 271.460 270.525 0.9559 0.9594
00 271.460 270.272 0.9240 0.9295
00 271.461 270.318 0.9463 0.9515
00 271.460 270.372 0.8532 0.8569
00 271.460 270.551 0.9571 0.9602
00 271.460 270.251 0.9144 0.9201
00 271.461 270.373 0.9508 0.9555
00 271.460 270.425 0.8415 0.8445
00 271.460 270.572 0.9578 0.9608
00 271.460 270.265 0.9132 0.9186
00 271.571 270.454 0.9471 0.9520
00 271.460 270.459 0.8318 0.8348
00 271.460 270.588 0.9580 0.9608
00 271.460 270.297 0.9201 0.9253
00 271.981 270.751 0.9379 0.9442
00 271.462 270.498 0.8231 0.8261
00 271.460 270.603 0.9582 0.9608
00 271.460 270.373 0.9268 0.9312
00 271.859 270.627 0.9358 0.9422
00 271.494 270.584 0.8185 0.8217
00 271.460 270.616 0.9588 0.9613
00 271.460 270.458 0.9316 0.9351
00 271.854 270.688 0.9382 0.9439
00 271.586 270.752 0.8140 0.8162
00 271.530 270.692 0.9590 0.9614
00 271.467 270.518 0.9350 0.9385
00 272.795 271.673 0.9408 0.9459
00 272.418 271.570 0.8069 0.8093
00 272.273 271.418 0.9585 0.9607
00 272.250 271.261 0.9308 0.9342
00 273.594 272.539 0.9485 0.9530
00 273.292 272.407 0.8024 0.8036
00 273.001 272.121 0.9564 0.9589
00 272.733 271.735 0.9293 0.9332
00 271.461 270.220 0.9421 0.9483
00 271.460 270.506 0.9616 0.9651
00 271.460 270.552 0.9688 0.9720
00 271.460 270.278 0.9313 0.9367
00 271.461 270.226 0.9397 0.9458
00 271.460 270.504 0.9608 0.9643
00 271.460 270.541 0.9677 0.9710
00 271.460 270.326 0.9347 0.9397
00 271.461 270.217 0.9361 0.9424
00 271.460 270.488 0.9594 0.9630
00 271.460 270.525 0.9664 0.9699
00 271.460 270.397 0.9403 0.9446
00 271.461 270.222 0.9349 0.9411
00 271.460 270.427 0.9549 0.9590
00 271.460 270.518 0.9654 0.9690
00 271.460 270.328 0.9319 0.9369
00 271.461 270.219 0.9315 0.9376
00 271.460 270.425 0.9544 0.9585
00 271.460 270.521 0.9649 0.9684
00 271.460 270.226 0.9185 0.9244
00 271.461 270.240 0.9305 0.9364
00 271.460 270.439 0.9549 0.9588
00 271.460 270.514 0.9639 0.9674
00 271.460 270.207 0.9133 0.9193
00 271.461 270.242 0.9307 0.9366
00 271.460 270.387 0.9505 0.9549
00 271.460 270.501 0.9622 0.9657
00 271.460 270.205 0.9113 0.9174
00 271.461 270.243 0.9324 0.9383
00 271.460 270.194 0.9313 0.9378
00 271.460 270.507 0.9610 0.9646
00 271.460 270.216 0.9098 0.9157
00 271.461 270.231 0.9323 0.9383
00 271.460 270.117 0.9192 0.9264
00 271.460 270.514 0.9598 0.9633
00 271.460 270.275 0.9188 0.9242
00 271.461 270.226 0.9331 0.9392
00 271.460 270.101 0.9066 0.9138
00 271.460 270.508 0.9583 0.9618
00 271.460 270.402 0.9346 0.9387
00 271.461 270.219 0.9346 0.9407
00 271.460 270.161 0.8872 0.8935
00 271.460 270.515 0.9576 0.9611
00 271.460 270.507 0.9486 0.9521
00 271.461 270.238 0.9386 0.9446
00 271.460 270.292 0.8606 0.8652
00 271.460 270.530 0.9575 0.9610
00 271.460 270.471 0.9471 0.9506
00 271.461 270.377 0.9510 0.9556
00 271.460 270.369 0.8503 0.8539
00 271.460 270.551 0.9582 0.9614
00 271.460 270.290 0.9236 0.9289
00 271.461 270.289 0.9406 0.9460
00 271.460 270.420 0.8423 0.8453
00 271.460 270.571 0.9587 0.9617
00 271.460 270.277 0.9123 0.9176
00 271.719 270.540 0.9383 0.9442
00 271.463 270.460 0.8329 0.8359
00 271.460 270.583 0.9587 0.9615
00 271.460 270.282 0.9027 0.9078
00 271.998 270.789 0.9364 0.9424
00 271.538 270.553 0.8247 0.8283
00 271.470 270.607 0.9587 0.9614
00 271.460 270.321 0.9146 0.9195
00 272.015 270.886 0.9413 0.9466
00 272.274 271.209 0.8188 0.8221
00 272.554 271.674 0.9589 0.9616
00 271.895 270.791 0.9225 0.9274
00 272.763 271.647 0.9407 0.9458
00 273.111 271.971 0.8127 0.8171
00 273.163 272.274 0.9590 0.9615
00 272.885 271.798 0.9266 0.9313
00 273.393 272.335 0.9471 0.9512
00 273.334 272.247 0.8082 0.8115
00 272.996 272.117 0.9586 0.9611
00 272.756 271.710 0.9253 0.9296
00 273.627 272.600 0.9505 0.9546
00 273.462 272.486 0.8068 0.8095
00 273.026 272.145 0.9570 0.9595
00 272.781 271.754 0.9241 0.9282
00 271.461 270.373 0.9558 0.9605
00 271.460 270.523 0.9638 0.9673
00 271.460 270.563 0.9698 0.9729
00 271.460 270.317 0.9365 0.9416
00 271.461 270.273 0.9454 0.9511
00 271.460 270.518 0.9624 0.9659
00 271.460 270.545 0.9687 0.9719
00 271.460 270.329 0.9363 0.9413
00 271.461 270.230 0.9395 0.9456
00 271.460 270.519 0.9617 0.9652
00 271.460 270.547 0.9682 0.9714
00 271.460 270.433 0.9444 0.9483
00 271.461 270.225 0.9368 0.9429
00 271.460 270.507 0.9605 0.9640
00 271.460 270.544 0.9676 0.9708
00 271.460 270.489 0.9496 0.9531
00 271.461 270.226 0.9363 0.9424
00 271.460 270.475 0.9580 0.9616
00 271.460 270.527 0.9663 0.9697
00 271.460 270.493 0.9502 0.9537
00 271.461 270.217 0.9328 0.9390
00 271.460 270.430 0.9549 0.9589
00 271.460 270.522 0.9653 0.9688
00 271.460 270.396 0.9396 0.9439
00 271.461 270.261 0.9329 0.9386
00 271.460 270.439 0.9542 0.9581
00 271.460 270.522 0.9647 0.9682
00 271.460 270.253 0.9180 0.9236
00 271.461 270.231 0.9281 0.9341
00 271.460 270.389 0.9503 0.9548
00 271.460 270.521 0.9639 0.9674
00 271.460 270.209 0.9104 0.9164
00 271.461 270.228 0.9285 0.9345
00 271.460 270.205 0.9321 0.9384
00 271.460 270.523 0.9631 0.9666
00 271.460 270.209 0.9072 0.9132
00 271.461 270.220 0.9304 0.9365
00 271.460 270.099 0.9171 0.9244
00 271.460 270.538 0.9626 0.9659
00 271.460 270.217 0.9052 0.9111
00 271.461 270.208 0.9319 0.9382
00 271.460 270.093 0.9053 0.9126
00 271.460 270.542 0.9615 0.9648
00 271.460 270.236 0.9124 0.9182
00 271.461 270.212 0.9352 0.9415
00 271.460 270.153 0.8872 0.8936
00 271.460 270.537 0.9601 0.9635
00 271.460 270.377 0.9325 0.9369
00 271.461 270.358 0.9488 0.9536
00 271.460 270.276 0.8620 0.8668
00 271.460 270.545 0.9597 0.9629
00 271.460 270.523 0.9503 0.9538
00 271.461 270.294 0.9399 0.9453
00 271.460 270.348 0.8503 0.8542
00 271.460 270.558 0.9597 0.9628
00 271.460 270.490 0.9478 0.9513
00 271.501 270.347 0.9364 0.9416
00 271.460 270.396 0.8449 0.8482
00 271.460 270.572 0.9596 0.9626
00 271.460 270.301 0.9234 0.9285
00 271.932 270.796 0.9371 0.9424
00 271.522 270.481 0.8366 0.8402
00 271.460 270.584 0.9593 0.9622
00 271.460 270.302 0.9120 0.9170
00 272.265 271.143 0.9380 0.9429
00 271.979 270.909 0.8314 0.8354
00 271.496 270.631 0.9591 0.9618
00 271.460 270.320 0.8998 0.9045
00 272.905 271.833 0.9444 0.9490
00 272.578 271.441 0.8261 0.8300
00 272.093 271.225 0.9593 0.9617
00 271.631 270.504 0.8974 0.9024
00 273.034 271.991 0.9474 0.9516
00 273.002 271.829 0.8189 0.8238
00 272.686 271.813 0.9594 0.9620
00 272.206 271.075 0.9084 0.9133
00 272.940 271.924 0.9494 0.9534
00 272.956 271.836 0.8106 0.8151
00 272.790 271.920 0.9591 0.9616
00 272.433 271.350 0.9165 0.9207
00 273.003 271.991 0.9504 0.9542
00 273.034 271.967 0.8047 0.8084
00 272.790 271.921 0.9574 0.9599
00 272.841 271.783 0.9204 0.9248
00 271.461 270.369 0.9550 0.9597
00 271.460 270.524 0.9643 0.9678
00 271.460 270.554 0.9700 0.9731
00 271.460 270.404 0.9449 0.9491
00 271.461 270.221 0.9382 0.9444
00 271.460 270.528 0.9622 0.9657
00 271.460 270.542 0.9679 0.9712
00 271.460 270.429 0.9446 0.9486
00 271.461 270.279 0.9362 0.9417
00 271.460 270.448 0.9543 0.9582
00 271.460 270.510 0.9648 0.9684
00 271.460 270.382 0.9348 0.9391
00 271.461 270.247 0.9308 0.9366
00 271.460 270.405 0.9515 0.9558
00 271.460 270.522 0.9641 0.9676
00 271.460 270.207 0.9109 0.9169
00 271.461 270.226 0.9279 0.9340
00 271.460 270.269 0.9384 0.9441
00 271.460 270.526 0.9638 0.9672
00 271.460 270.219 0.9073 0.9132
00 271.461 270.217 0.9310 0.9371
00 271.460 270.114 0.9186 0.9258
00 271.460 270.542 0.9638 0.9671
00 271.460 270.222 0.9030 0.9088
00 271.461 270.215 0.9346 0.9408
00 271.460 270.084 0.9063 0.9136
00 271.460 270.557 0.9636 0.9667
00 271.460 270.242 0.9017 0.9073
00 271.461 270.265 0.9410 0.9467
00 271.460 270.118 0.8894 0.8962
00 271.460 270.562 0.9629 0.9659
00 271.460 270.235 0.9104 0.9161
00 271.461 270.328 0.9441 0.9492
00 271.460 270.241 0.8683 0.8736
00 271.460 270.560 0.9618 0.9649
00 271.460 270.343 0.9295 0.9343
00 271.461 270.308 0.9390 0.9443
00 271.460 270.325 0.8539 0.8581
00 271.460 270.563 0.9611 0.9641
00 271.460 270.511 0.9496 0.9531
00 271.642 270.529 0.9393 0.9446
00 271.469 270.366 0.8471 0.8508
00 271.460 270.572 0.9606 0.9636
00 271.460 270.496 0.9471 0.9506
00 272.205 271.166 0.9462 0.9503
00 272.107 270.955 0.8431 0.8479
00 271.668 270.785 0.9602 0.9630
00 271.460 270.350 0.9258 0.9304
00 272.087 271.094 0.9495 0.9532
00 272.187 271.044 0.8372 0.8417
00 271.861 270.985 0.9598 0.9624
00 271.462 270.341 0.9159 0.9206
00 272.279 271.270 0.9475 0.9512
00 272.415 271.256 0.8306 0.8348
00 272.031 271.164 0.9598 0.9623
00 271.470 270.358 0.9027 0.9071
00 272.880 271.857 0.9479 0.9520
00 272.778 271.592 0.8270 0.8325
00 272.396 271.533 0.9601 0.9627
00 272.003 270.872 0.8895 0.8945
00 272.941 271.930 0.9496 0.9535
00 272.958 271.778 0.8231 0.8283
00 272.637 271.775 0.9595 0.9620
00 272.570 271.428 0.8891 0.8934
00 273.156 272.120 0.9482 0.9522
00 273.224 272.030 0.8161 0.8209
00 272.874 272.010 0.9581 0.9605
00 272.764 271.655 0.9001 0.9050
00 271.461 270.245 0.9323 0.9382
00 271.460 270.426 0.9530 0.9571
00 271.460 270.529 0.9648 0.9682
00 271.460 270.232 0.9139 0.9197
00 271.461 270.248 0.9299 0.9357
00 271.460 270.332 0.9449 0.9499
00 271.460 270.521 0.9637 0.9672
00 271.460 270.215 0.9061 0.9120
00 271.461 270.224 0.9291 0.9352
00 271.460 270.150 0.9228 0.9297
00 271.460 270.533 0.9638 0.9672
00 271.460 270.225 0.9021 0.9079
00 271.461 270.206 0.9319 0.9382
00 271.460 270.088 0.9093 0.9167
00 271.460 270.550 0.9640 0.9672
00 271.460 270.254 0.8980 0.9034
00 271.461 270.261 0.9390 0.9448
00 271.460 270.096 0.8957 0.9028
00 271.460 270.565 0.9640 0.9670
00 271.460 270.266 0.9002 0.9055
00 271.461 270.373 0.9474 0.9520
00 271.460 270.192 0.8772 0.8831
00 271.460 270.572 0.9636 0.9666
00 271.460 270.248 0.9114 0.9170
00 271.516 270.363 0.9390 0.9442
00 271.486 270.325 0.8578 0.8623
00 271.469 270.581 0.9628 0.9658
00 271.460 270.319 0.9269 0.9318
00 271.906 270.774 0.9379 0.9432
00 272.025 270.849 0.8495 0.8547
00 271.694 270.800 0.9618 0.9647
00 271.460 270.485 0.9475 0.9509
00 272.219 271.191 0.9457 0.9497
00 272.098 270.948 0.8476 0.8524
00 271.715 270.829 0.9613 0.9641
00 271.467 270.500 0.9442 0.9478
00 271.947 270.971 0.9484 0.9521
00 271.983 270.865 0.8443 0.8489
00 271.771 270.895 0.9608 0.9635
00 271.715 270.649 0.9295 0.9342
00 272.017 271.037 0.9480 0.9517
00 271.977 270.877 0.8387 0.8432
00 271.907 271.042 0.9605 0.9630
00 272.013 270.871 0.9179 0.9231
00 272.651 271.636 0.9471 0.9512
00 272.400 271.256 0.8321 0.8362
00 272.440 271.574 0.9603 0.9629
00 272.630 271.451 0.9086 0.9135
00 273.097 272.073 0.9478 0.9517
00 272.822 271.678 0.8331 0.8382
00 272.759 271.894 0.9598 0.9623
00 272.745 271.566 0.8982 0.9039
00 273.288 272.251 0.9471 0.9510
00 273.295 272.164 0.8395 0.8436
00 272.971 272.106 0.9589 0.9613
00 273.010 271.834 0.8902 0.8955
00 271.460 270.224 0.9495 0.9557
00 271.460 270.243 0.9396 0.9455
00 271.460 270.205 0.9430 0.9494
00 271.460 270.431 0.9570 0.9611
00 271.460 270.408 0.9599 0.9642
00 271.460 270.238 0.9448 0.9508
00 271.460 270.242 0.9424 0.9483
00 271.460 270.382 0.9531 0.9577
00 271.460 270.444 0.9621 0.9661
00 271.460 270.350 0.9563 0.9613
00 271.460 270.217 0.9373 0.9435
00 271.460 270.323 0.9490 0.9542
00 271.460 270.463 0.9626 0.9663
00 271.460 270.459 0.9643 0.9682
00 271.460 270.228 0.9365 0.9426
00 271.460 270.360 0.9523 0.9571
00 271.460 270.453 0.9617 0.9656
00 271.460 270.459 0.9648 0.9687
00 271.460 270.244 0.9364 0.9423
00 271.460 270.444 0.9591 0.9631
00 271.460 270.361 0.9542 0.9590
00 271.460 270.392 0.9617 0.9662
00 271.460 270.299 0.9418 0.9472
00 271.460 270.418 0.9565 0.9607
00 271.460 270.240 0.9445 0.9505
00 271.460 270.364 0.9592 0.9641
00 271.460 270.466 0.9574 0.9610
00 271.460 270.385 0.9533 0.9578
00 271.460 270.215 0.9405 0.9468
00 271.460 270.323 0.9550 0.9602
00 271.460 270.469 0.9575 0.9612
00 271.460 270.389 0.9529 0.9574
00 271.460 270.215 0.9389 0.9451
00 271.460 270.322 0.9543 0.9595
00 271.460 270.442 0.9556 0.9595
00 271.460 270.409 0.9537 0.9580
00 271.460 270.227 0.9388 0.9449
00 271.460 270.333 0.9556 0.9608
00 271.460 270.447 0.9556 0.9594
00 271.460 270.462 0.9576 0.9614
00 271.460 270.255 0.9411 0.9469
00 271.460 270.444 0.9631 0.9671
00 271.460 270.457 0.9554 0.9592
00 271.460 270.471 0.9576 0.9612
00 271.460 270.360 0.9495 0.9543
00 271.460 270.470 0.9636 0.9673
00 271.460 270.460 0.9545 0.9582
00 271.460 270.444 0.9540 0.9579
00 271.460 270.462 0.9579 0.9617
00 271.460 270.466 0.9626 0.9663
00 271.460 270.453 0.9526 0.9563
00 271.460 270.451 0.9530 0.9568
00 271.460 270.520 0.9616 0.9651
00 271.460 270.426 0.9593 0.9634
00 271.460 270.452 0.9500 0.9538
00 271.460 270.450 0.9514 0.9552
00 271.460 270.528 0.9618 0.9652
00 271.460 270.307 0.9475 0.9528
00 271.460 270.481 0.9500 0.9535
00 271.460 270.499 0.9552 0.9587
00 271.462 270.514 0.9600 0.9636
00 271.472 270.235 0.9333 0.9394
00 271.460 270.506 0.9505 0.9540
00 271.786 270.802 0.9502 0.9540
00 272.029 271.072 0.9592 0.9626
00 271.993 270.732 0.9195 0.9260
00 271.675 270.734 0.9506 0.9540
00 271.953 270.956 0.9447 0.9485
00 272.392 271.429 0.9584 0.9617
00 272.452 271.266 0.8951 0.9001
00 272.362 271.412 0.9501 0.9532
00 272.400 271.398 0.9423 0.9459
00 271.460 270.259 0.9513 0.9572
00 271.460 270.247 0.9412 0.9471
00 271.460 270.285 0.9493 0.9548
00 271.460 270.393 0.9515 0.9559
00 271.460 270.349 0.9551 0.9600
00 271.460 270.290 0.9490 0.9546
00 271.460 270.231 0.9421 0.9482
00 271.460 270.438 0.9564 0.9604
00 271.460 270.353 0.9549 0.9598
00 271.460 270.421 0.9613 0.9655
00 271.460 270.233 0.9402 0.9463
00 271.460 270.428 0.9562 0.9603
00 271.460 270.233 0.9455 0.9517
00 271.460 270.468 0.9645 0.9682
00 271.460 270.233 0.9385 0.9445
00 271.460 270.411 0.9551 0.9594
00 271.460 270.223 0.9424 0.9486
00 271.460 270.452 0.9643 0.9682
00 271.460 270.247 0.9378 0.9437
00 271.460 270.399 0.9540 0.9584
00 271.460 270.227 0.9397 0.9458
00 271.460 270.345 0.9582 0.9632
00 271.460 270.259 0.9369 0.9427
00 271.460 270.372 0.9514 0.9561
00 271.460 270.231 0.9367 0.9427
00 271.460 270.328 0.9567 0.9619
00 271.460 270.301 0.9411 0.9464
00 271.460 270.367 0.9505 0.9552
00 271.460 270.238 0.9339 0.9399
00 271.460 270.319 0.9549 0.9602
00 271.460 270.460 0.9563 0.9601
00 271.460 270.368 0.9501 0.9548
00 271.460 270.253 0.9326 0.9383
00 271.460 270.285 0.9515 0.9571
00 271.460 270.491 0.9585 0.9620
00 271.460 270.402 0.9521 0.9565
00 271.460 270.255 0.9312 0.9370
00 271.460 270.410 0.9606 0.9649
00 271.460 270.487 0.9583 0.9618
00 271.460 270.460 0.9568 0.9605
00 271.460 270.249 0.9313 0.9371
00 271.460 270.462 0.9635 0.9672
00 271.460 270.477 0.9575 0.9610
00 271.460 270.478 0.9575 0.9611
00 271.460 270.245 0.9333 0.9392
00 271.460 270.463 0.9627 0.9665
00 271.460 270.476 0.9568 0.9604
00 271.460 270.487 0.9572 0.9608
00 271.460 270.250 0.9368 0.9426
00 271.460 270.423 0.9596 0.9638
00 271.460 270.474 0.9557 0.9593
00 271.460 270.501 0.9570 0.9606
00 271.460 270.262 0.9397 0.9455
00 271.460 270.317 0.9493 0.9545
00 271.460 270.462 0.9528 0.9564
00 271.460 270.509 0.9566 0.9601
00 271.460 270.336 0.9457 0.9507
00 271.460 270.231 0.9355 0.9416
00 271.460 270.445 0.9464 0.9501
00 271.457 270.510 0.9552 0.9587
00 271.460 270.455 0.9554 0.9591
00 271.512 270.261 0.9187 0.9247
00 271.460 270.474 0.9452 0.9487
00 271.666 270.700 0.9504 0.9541
00 272.161 271.174 0.9573 0.9610
00 272.368 271.200 0.8745 0.8793
00 271.999 271.033 0.9467 0.9502
00 272.531 271.512 0.9425 0.9466
00 272.889 271.888 0.9568 0.9607
00 272.916 271.909 0.8715 0.8751
00 272.769 271.806 0.9477 0.9512
00 272.805 271.780 0.9375 0.9416
00 271.460 270.225 0.9485 0.9548
00 271.460 270.287 0.9456 0.9511
00 271.460 270.382 0.9560 0.9605
00 271.460 270.284 0.9355 0.9410
00 271.460 270.310 0.9517 0.9570
00 271.460 270.355 0.9542 0.9590
00 271.460 270.255 0.9445 0.9504
00 271.460 270.403 0.9511 0.9554
00 271.460 270.242 0.9455 0.9515
00 271.460 270.451 0.9622 0.9661
00 271.460 270.235 0.9410 0.9471
00 271.460 270.450 0.9561 0.9600
00 271.460 270.224 0.9416 0.9478
00 271.460 270.472 0.9643 0.9679
00 271.460 270.217 0.9378 0.9440
00 271.460 270.441 0.9564 0.9603
00 271.460 270.208 0.9371 0.9434
00 271.460 270.446 0.9636 0.9676
00 271.460 270.229 0.9379 0.9440
00 271.460 270.403 0.9530 0.9573
00 271.460 270.212 0.9336 0.9398
00 271.460 270.392 0.9609 0.9654
00 271.460 270.265 0.9393 0.9450
00 271.460 270.381 0.9509 0.9555
00 271.460 270.245 0.9323 0.9381
00 271.460 270.335 0.9568 0.9619
00 271.460 270.269 0.9375 0.9432
00 271.460 270.397 0.9520 0.9564
00 271.460 270.249 0.9282 0.9340
00 271.460 270.305 0.9540 0.9595
00 271.460 270.287 0.9389 0.9444
00 271.460 270.426 0.9541 0.9582
00 271.460 270.260 0.9254 0.9310
00 271.460 270.290 0.9514 0.9570
00 271.460 270.376 0.9475 0.9521
00 271.460 270.463 0.9569 0.9606
00 271.460 270.264 0.9217 0.9272
00 271.460 270.426 0.9609 0.9650
00 271.460 270.462 0.9558 0.9596
00 271.460 270.484 0.9579 0.9615
00 271.460 270.291 0.9216 0.9269
00 271.460 270.452 0.9624 0.9663
00 271.460 270.493 0.9579 0.9615
00 271.460 270.494 0.9581 0.9617
00 271.460 270.352 0.9311 0.9358
00 271.460 270.437 0.9609 0.9649
00 271.460 270.503 0.9585 0.9620
00 271.460 270.502 0.9579 0.9615
00 271.460 270.340 0.9353 0.9401
00 271.460 270.393 0.9573 0.9618
00 271.460 270.502 0.9582 0.9617
00 271.460 270.509 0.9574 0.9609
00 271.460 270.317 0.9401 0.9452
00 271.460 270.314 0.9474 0.9526
00 271.460 270.503 0.9578 0.9614
00 271.460 270.517 0.9567 0.9602
00 271.460 270.296 0.9409 0.9463
00 271.460 270.233 0.9334 0.9394
00 271.460 270.476 0.9540 0.9575
00 271.460 270.519 0.9545 0.9581
00 271.460 270.345 0.9446 0.9495
00 271.463 270.252 0.8928 0.8983
00 271.460 270.423 0.9446 0.9487
00 271.507 270.568 0.9509 0.9544
00 271.492 270.460 0.9516 0.9557
00 271.794 270.880 0.8723 0.8751
00 271.460 270.445 0.9431 0.9469
00 271.909 270.935 0.9412 0.9448
00 272.669 271.649 0.9552 0.9594
00 272.131 271.186 0.8828 0.8855
00 271.476 270.483 0.9432 0.9468
00 272.588 271.595 0.9364 0.9403
00 271.460 270.218 0.9466 0.9529
00 271.460 270.253 0.9437 0.9496
00 271.460 270.424 0.9584 0.9626
00 271.460 270.263 0.9240 0.9296
00 271.460 270.282 0.9484 0.9540
00 271.460 270.371 0.9548 0.9595
00 271.460 270.351 0.9521 0.9570
00 271.460 270.267 0.9302 0.9358
00 271.460 270.230 0.9424 0.9486
00 271.460 270.465 0.9625 0.9662
00 271.460 270.240 0.9423 0.9483
00 271.460 270.362 0.9439 0.9486
00 271.460 270.209 0.9384 0.9447
00 271.460 270.476 0.9640 0.9676
00 271.460 270.245 0.9407 0.9467
00 271.460 270.443 0.9539 0.9578
00 271.460 270.229 0.9380 0.9441
00 271.460 270.452 0.9633 0.9672
00 271.460 270.232 0.9384 0.9445
00 271.460 270.445 0.9548 0.9587
00 271.460 270.257 0.9373 0.9431
00 271.460 270.441 0.9630 0.9670
00 271.460 270.222 0.9367 0.9429
00 271.460 270.428 0.9541 0.9581
00 271.460 270.268 0.9344 0.9400
00 271.460 270.365 0.9583 0.9631
00 271.460 270.239 0.9375 0.9435
00 271.460 270.432 0.9545 0.9585
00 271.460 270.257 0.9288 0.9345
00 271.460 270.340 0.9556 0.9606
00 271.460 270.246 0.9369 0.9428
00 271.460 270.450 0.9559 0.9598
00 271.460 270.245 0.9242 0.9300
00 271.460 270.326 0.9532 0.9583
00 271.460 270.240 0.9344 0.9403
00 271.460 270.458 0.9563 0.9600
00 271.460 270.239 0.9188 0.9246
00 271.460 270.447 0.9617 0.9656
00 271.460 270.274 0.9370 0.9426
00 271.460 270.468 0.9564 0.9601
00 271.460 270.354 0.9360 0.9407
00 271.460 270.456 0.9618 0.9657
00 271.460 270.338 0.9427 0.9476
00 271.460 270.479 0.9566 0.9601
00 271.460 270.519 0.9559 0.9594
00 271.460 270.449 0.9608 0.9647
00 271.460 270.420 0.9502 0.9543
00 271.460 270.496 0.9570 0.9605
00 271.460 270.521 0.9552 0.9588
00 271.460 270.399 0.9567 0.9611
00 271.460 270.475 0.9554 0.9590
00 271.460 270.514 0.9571 0.9606
00 271.460 270.451 0.9474 0.9512
00 271.460 270.330 0.9480 0.9531
00 271.460 270.502 0.9570 0.9606
00 271.460 270.519 0.9555 0.9590
00 271.460 270.403 0.9486 0.9529
00 271.460 270.265 0.9372 0.9428
00 271.460 270.517 0.9576 0.9612
00 271.460 270.525 0.9529 0.9564
00 271.534 270.472 0.9493 0.9536
00 271.883 270.669 0.8936 0.8997
00 271.461 270.515 0.9560 0.9595
00 271.497 270.575 0.9490 0.9523
00 272.246 271.202 0.9528 0.9570
00 272.193 271.160 0.8799 0.8834
00 271.463 270.491 0.9524 0.9559
00 271.762 270.831 0.9411 0.9444
00 273.101 272.070 0.9556 0.9596
00 272.529 271.504 0.8868 0.8905
00 271.465 270.476 0.9491 0.9527
00 271.875 270.963 0.9384 0.9413
00 271.460 270.312 0.9541 0.9595
00 271.460 270.227 0.9263 0.9323
00 271.460 270.486 0.9631 0.9667
00 271.460 270.411 0.9341 0.9382
00 271.460 270.270 0.9484 0.9541
00 271.460 270.282 0.9453 0.9509
00 271.460 270.453 0.9605 0.9644
00 271.460 270.353 0.9268 0.9314
00 271.460 270.267 0.9461 0.9519
00 271.460 270.372 0.9541 0.9588
00 271.460 270.405 0.9557 0.9600
00 271.460 270.303 0.9220 0.9271
00 271.460 270.220 0.9402 0.9464
00 271.460 270.466 0.9620 0.9657
00 271.460 270.376 0.9535 0.9582
00 271.460 270.273 0.9221 0.9275
00 271.460 270.215 0.9379 0.9442
00 271.460 270.480 0.9636 0.9671
00 271.460 270.279 0.9445 0.9502
00 271.460 270.283 0.9291 0.9345
00 271.460 270.248 0.9390 0.9449
00 271.460 270.458 0.9631 0.9669
00 271.460 270.235 0.9394 0.9454
00 271.460 270.350 0.9401 0.9449
00 271.460 270.268 0.9384 0.9441
00 271.460 270.441 0.9624 0.9664
00 271.460 270.242 0.9386 0.9445
00 271.460 270.392 0.9465 0.9509
00 271.460 270.268 0.9349 0.9405
00 271.460 270.342 0.9555 0.9605
00 271.460 270.239 0.9370 0.9430
00 271.460 270.381 0.9457 0.9502
00 271.460 270.257 0.9293 0.9350
00 271.460 270.348 0.9544 0.9593
00 271.460 270.219 0.9340 0.9402
00 271.460 270.350 0.9424 0.9472
00 271.460 270.245 0.9239 0.9297
00 271.460 270.364 0.9547 0.9594
00 271.460 270.211 0.9322 0.9384
00 271.460 270.308 0.9376 0.9428
00 271.460 270.217 0.9169 0.9229
00 271.460 270.434 0.9600 0.9640
00 271.460 270.218 0.9315 0.9376
00 271.460 270.311 0.9364 0.9416
00 271.460 270.265 0.9289 0.9345
00 271.460 270.454 0.9612 0.9650
00 271.460 270.230 0.9304 0.9364
00 271.460 270.329 0.9372 0.9422
00 271.460 270.453 0.9526 0.9563
00 271.460 270.457 0.9606 0.9644
00 271.460 270.266 0.9329 0.9385
00 271.460 270.398 0.9431 0.9474
00 271.460 270.479 0.9549 0.9584
00 271.460 270.417 0.9570 0.9612
00 271.460 270.300 0.9361 0.9414
00 271.460 270.482 0.9501 0.9536
00 271.460 270.449 0.9536 0.9575
00 271.460 270.342 0.9483 0.9533
00 271.460 270.376 0.9433 0.9478
00 271.460 270.509 0.9498 0.9533
00 271.460 270.433 0.9528 0.9568
00 271.460 270.256 0.9351 0.9409
00 271.460 270.459 0.9509 0.9546
00 271.466 270.537 0.9481 0.9515
00 271.749 270.753 0.9562 0.9602
00 271.896 270.755 0.9179 0.9232
00 271.564 270.602 0.9539 0.9576
00 272.109 271.180 0.9447 0.9477
00 272.710 271.713 0.9575 0.9614
00 273.043 271.911 0.8972 0.9020
00 272.912 271.922 0.9537 0.9574
00 272.323 271.414 0.9434 0.9460
00 273.153 272.157 0.9580 0.9617
00 273.122 271.981 0.8888 0.8936
00 272.881 271.899 0.9531 0.9567
00 272.460 271.570 0.9411 0.9439
00 271.460 270.386 0.9607 0.9653
00 271.460 270.198 0.9245 0.9308
00 271.460 270.487 0.9644 0.9679
00 271.460 270.314 0.9318 0.9369
00 271.460 270.250 0.9496 0.9556
00 271.460 270.231 0.9251 0.9310
00 271.460 270.479 0.9630 0.9665
00 271.460 270.481 0.9373 0.9408
00 271.460 270.267 0.9476 0.9533
00 271.460 270.286 0.9438 0.9493
00 271.460 270.476 0.9619 0.9655
00 271.460 270.502 0.9442 0.9477
00 271.460 270.249 0.9439 0.9498
00 271.460 270.354 0.9515 0.9563
00 271.460 270.454 0.9602 0.9640
00 271.460 270.426 0.9334 0.9373
00 271.460 270.218 0.9388 0.9450
00 271.460 270.455 0.9607 0.9645
00 271.460 270.436 0.9582 0.9622
00 271.460 270.363 0.9245 0.9290
00 271.460 270.240 0.9388 0.9448
00 271.460 270.485 0.9630 0.9666
00 271.460 270.405 0.9553 0.9596
00 271.460 270.315 0.9190 0.9240
00 271.460 270.284 0.9413 0.9468
00 271.460 270.459 0.9624 0.9662
00 271.460 270.324 0.9482 0.9533
00 271.460 270.278 0.9165 0.9218
00 271.460 270.274 0.9391 0.9447
00 271.460 270.433 0.9611 0.9652
00 271.460 270.228 0.9390 0.9451
00 271.460 270.276 0.9189 0.9243
00 271.460 270.274 0.9357 0.9413
00 271.460 270.333 0.9536 0.9587
00 271.460 270.225 0.9364 0.9425
00 271.460 270.277 0.9199 0.9253
00 271.460 270.273 0.9308 0.9363
00 271.460 270.356 0.9533 0.9581
00 271.460 270.245 0.9359 0.9418
00 271.460 270.285 0.9208 0.9261
00 271.460 270.254 0.9232 0.9289
00 271.460 270.417 0.9572 0.9614
00 271.460 270.254 0.9348 0.9406
00 271.460 270.296 0.9212 0.9264
00 271.460 270.231 0.9151 0.9209
00 271.460 270.420 0.9577 0.9618
00 271.460 270.247 0.9327 0.9386
00 271.460 270.317 0.9234 0.9284
00 271.460 270.241 0.9211 0.9269
00 271.460 270.411 0.9569 0.9611
00 271.460 270.265 0.9333 0.9389
00 271.460 270.345 0.9278 0.9325
00 271.460 270.277 0.9347 0.9403
00 271.460 270.451 0.9592 0.9630
00 271.460 270.270 0.9308 0.9364
00 271.460 270.392 0.9335 0.9378
00 271.460 270.454 0.9538 0.9576
00 271.460 270.433 0.9567 0.9607
00 271.460 270.264 0.9259 0.9314
00 271.460 270.462 0.9399 0.9434
00 271.460 270.480 0.9554 0.9589
00 271.460 270.367 0.9491 0.9538
00 271.460 270.272 0.9262 0.9317
00 271.460 270.513 0.9424 0.9459
00 271.460 270.495 0.9571 0.9606
00 271.461 270.295 0.9346 0.9399
00 271.460 270.276 0.9290 0.9345
00 271.460 270.565 0.9458 0.9488
00 272.507 271.539 0.9586 0.9623
00 272.229 271.057 0.9232 0.9286
00 271.460 270.305 0.9315 0.9367
00 271.640 270.767 0.9444 0.9471
00 273.174 272.194 0.9587 0.9622
00 272.616 271.543 0.9239 0.9286
00 271.737 270.620 0.9334 0.9387
00 272.179 271.313 0.9432 0.9454
00 273.422 272.420 0.9574 0.9610
00 272.649 271.571 0.9097 0.9144
00 273.499 272.401 0.9415 0.9459
00 273.238 272.342 0.9401 0.9425
00 271.460 270.346 0.9577 0.9627
00 271.460 270.270 0.9373 0.9429
00 271.460 270.530 0.9668 0.9702
00 271.460 270.158 0.9338 0.9406
00 271.460 270.359 0.9579 0.9627
00 271.460 270.222 0.9254 0.9315
00 271.460 270.513 0.9654 0.9690
00 271.460 270.210 0.9279 0.9341
00 271.460 270.219 0.9465 0.9528
00 271.460 270.225 0.9234 0.9294
00 271.460 270.501 0.9641 0.9677
00 271.460 270.352 0.9283 0.9329
00 271.460 270.327 0.9514 0.9565
00 271.460 270.268 0.9403 0.9460
00 271.460 270.496 0.9630 0.9666
00 271.460 270.442 0.9344 0.9381
00 271.460 270.241 0.9428 0.9488
00 271.460 270.350 0.9500 0.9548
00 271.460 270.480 0.9616 0.9651
00 271.460 270.496 0.9450 0.9485
00 271.460 270.230 0.9395 0.9456
00 271.460 270.429 0.9577 0.9618
00 271.460 270.463 0.9602 0.9639
00 271.460 270.455 0.9385 0.9421
00 271.460 270.283 0.9423 0.9478
00 271.460 270.483 0.9621 0.9657
00 271.460 270.441 0.9583 0.9622
00 271.460 270.402 0.9299 0.9340
00 271.460 270.325 0.9451 0.9502
00 271.460 270.464 0.9617 0.9655
00 271.460 270.402 0.9550 0.9593
00 271.460 270.382 0.9263 0.9306
00 271.460 270.292 0.9405 0.9459
00 271.460 270.432 0.9600 0.9640
00 271.460 270.312 0.9469 0.9522
00 271.460 270.364 0.9222 0.9267
00 271.460 270.273 0.9354 0.9410
00 271.460 270.359 0.9541 0.9589
00 271.460 270.227 0.9388 0.9449
00 271.460 270.338 0.9182 0.9229
00 271.460 270.268 0.9303 0.9358
00 271.460 270.268 0.9457 0.9514
00 271.460 270.208 0.9348 0.9411
00 271.460 270.322 0.9151 0.9199
00 271.460 270.265 0.9239 0.9295
00 271.460 270.365 0.9512 0.9559
00 271.460 270.237 0.9343 0.9403
00 271.460 270.315 0.9135 0.9184
00 271.460 270.262 0.9151 0.9206
00 271.460 270.486 0.9608 0.9644
00 271.460 270.276 0.9341 0.9396
00 271.460 270.333 0.9146 0.9193
00 271.460 270.258 0.9054 0.9109
00 271.460 270.460 0.9591 0.9628
00 271.460 270.300 0.9336 0.9388
00 271.460 270.369 0.9197 0.9240
00 271.460 270.225 0.9190 0.9250
00 271.460 270.427 0.9553 0.9594
00 271.460 270.342 0.9360 0.9409
00 271.460 270.433 0.9287 0.9325
00 271.460 270.246 0.9290 0.9349
00 271.460 270.439 0.9552 0.9591
00 271.460 270.383 0.9374 0.9418
00 271.460 270.506 0.9380 0.9415
00 271.460 270.355 0.9437 0.9485
00 271.460 270.399 0.9490 0.9533
00 271.460 270.373 0.9313 0.9357
00 271.460 270.558 0.9420 0.9452
00 271.460 270.466 0.9540 0.9576
00 271.460 270.358 0.9394 0.9441
00 271.460 270.320 0.9206 0.9255
00 271.460 270.593 0.9415 0.9443
00 271.460 270.500 0.9564 0.9599
00 271.460 270.365 0.9304 0.9349
00 271.460 270.278 0.9159 0.9212
00 271.502 270.662 0.9408 0.9432
00 271.889 270.931 0.9571 0.9606
00 271.635 270.609 0.9311 0.9354
00 271.461 270.262 0.9145 0.9200
00 271.843 270.995 0.9351 0.9374
00 272.362 271.394 0.9569 0.9602
00 272.033 271.036 0.9320 0.9357
00 271.933 270.698 0.9136 0.9199
00 272.241 271.368 0.9263 0.9284
00 271.460 270.326 0.9545 0.9597
00 271.460 270.215 0.9237 0.9298
00 271.460 270.531 0.9660 0.9694
00 271.460 270.152 0.9298 0.9366
00 271.460 270.230 0.9458 0.9520
00 271.460 270.241 0.9235 0.9293
00 271.460 270.531 0.9656 0.9690
00 271.460 270.185 0.9260 0.9325
00 271.460 270.321 0.9505 0.9557
00 271.460 270.247 0.9354 0.9413
00 271.460 270.509 0.9639 0.9675
00 271.460 270.265 0.9266 0.9322
00 271.460 270.272 0.9456 0.9513
00 271.460 270.337 0.9477 0.9527
00 271.460 270.499 0.9629 0.9665
00 271.460 270.335 0.9262 0.9310
00 271.460 270.274 0.9438 0.9495
00 271.460 270.387 0.9532 0.9577
00 271.460 270.473 0.9612 0.9649
00 271.460 270.404 0.9271 0.9312
00 271.460 270.339 0.9477 0.9527
00 271.460 270.470 0.9607 0.9644
00 271.460 270.455 0.9597 0.9635
00 271.460 270.465 0.9379 0.9414
00 271.460 270.363 0.9491 0.9538
00 271.460 270.476 0.9615 0.9652
00 271.460 270.432 0.9578 0.9618
00 271.460 270.473 0.9404 0.9439
00 271.460 270.307 0.9414 0.9467
00 271.460 270.438 0.9593 0.9633
00 271.460 270.349 0.9504 0.9553
00 271.460 270.442 0.9342 0.9379
00 271.460 270.269 0.9343 0.9399
00 271.460 270.400 0.9562 0.9606
00 271.460 270.282 0.9439 0.9495
00 271.460 270.413 0.9279 0.9319
00 271.460 270.263 0.9288 0.9344
00 271.460 270.328 0.9485 0.9536
00 271.460 270.220 0.9370 0.9432
00 271.460 270.402 0.9248 0.9289
00 271.460 270.269 0.9232 0.9287
00 271.460 270.246 0.9387 0.9446
00 271.460 270.212 0.9340 0.9402
00 271.460 270.394 0.9216 0.9258
00 271.460 270.272 0.9151 0.9205
00 271.460 270.298 0.9386 0.9440
00 271.460 270.230 0.9321 0.9381
00 271.460 270.386 0.9190 0.9232
00 271.460 270.311 0.9070 0.9119
00 271.460 270.507 0.9594 0.9630
00 271.460 270.281 0.9319 0.9374
00 271.460 270.385 0.9169 0.9211
00 271.460 270.334 0.8986 0.9032
00 271.460 270.530 0.9603 0.9637
00 271.460 270.329 0.9330 0.9379
00 271.460 270.407 0.9180 0.9220
00 271.460 270.245 0.8952 0.9007
00 271.460 270.508 0.9573 0.9608
00 271.460 270.358 0.9328 0.9374
00 271.460 270.429 0.9187 0.9224
00 271.460 270.251 0.9184 0.9240
00 271.460 270.489 0.9535 0.9570
00 271.460 270.369 0.9300 0.9345
00 271.460 270.456 0.9180 0.9214
00 271.461 270.274 0.9264 0.9319
00 271.462 270.483 0.9499 0.9534
00 271.460 270.340 0.9197 0.9244
00 271.456 270.501 0.9203 0.9236
00 271.959 270.827 0.9382 0.9435
00 271.790 270.785 0.9436 0.9476
00 271.460 270.322 0.9110 0.9158
00 271.522 270.612 0.9214 0.9246
00 272.322 271.220 0.9439 0.9486
00 272.153 271.154 0.9391 0.9428
00 271.461 270.335 0.9085 0.9131
00 271.732 270.864 0.9222 0.9247
00 272.484 271.402 0.9465 0.9509
00 272.320 271.338 0.9363 0.9396
00 271.913 270.737 0.9038 0.9094
00 272.262 271.414 0.9215 0.9234
00 271.460 270.243 0.9488 0.9549
00 271.460 270.289 0.9399 0.9454
00 271.460 270.527 0.9663 0.9698
00 271.460 270.159 0.9346 0.9415
00 271.460 270.213 0.9452 0.9516
00 271.460 270.268 0.9249 0.9304
00 271.460 270.531 0.9659 0.9693
00 271.460 270.154 0.9311 0.9379
00 271.460 270.281 0.9490 0.9546
00 271.460 270.247 0.9229 0.9286
00 271.460 270.541 0.9661 0.9694
00 271.460 270.149 0.9281 0.9350
00 271.460 270.341 0.9531 0.9581
00 271.460 270.227 0.9286 0.9346
00 271.460 270.535 0.9655 0.9688
00 271.460 270.164 0.9253 0.9320
00 271.460 270.396 0.9567 0.9611
00 271.460 270.278 0.9409 0.9465
00 271.460 270.532 0.9651 0.9684
00 271.460 270.203 0.9232 0.9294
00 271.460 270.381 0.9541 0.9587
00 271.460 270.372 0.9506 0.9553
00 271.460 270.497 0.9627 0.9663
00 271.460 270.252 0.9180 0.9236
00 271.460 270.382 0.9518 0.9564
00 271.460 270.426 0.9562 0.9603
00 271.460 270.458 0.9602 0.9640
00 271.460 270.315 0.9160 0.9209
00 271.460 270.387 0.9509 0.9553
00 271.460 270.485 0.9612 0.9648
00 271.460 270.447 0.9592 0.9631
00 271.460 270.408 0.9222 0.9261
00 271.460 270.334 0.9435 0.9485
00 271.460 270.463 0.9599 0.9636
00 271.460 270.419 0.9569 0.9611
00 271.460 270.484 0.9354 0.9388
00 271.460 270.273 0.9335 0.9391
00 271.460 270.418 0.9565 0.9607
00 271.460 270.345 0.9498 0.9547
00 271.460 270.468 0.9309 0.9343
00 271.460 270.270 0.9274 0.9330
00 271.460 270.393 0.9537 0.9582
00 271.460 270.235 0.9394 0.9454
00 271.460 270.447 0.9264 0.9299
00 271.460 270.277 0.9218 0.9272
00 271.460 270.364 0.9490 0.9537
00 271.460 270.207 0.9341 0.9404
00 271.460 270.443 0.9228 0.9264
00 271.460 270.290 0.9126 0.9177
00 271.460 270.257 0.9324 0.9382
00 271.460 270.226 0.9319 0.9379
00 271.460 270.448 0.9214 0.9250
00 271.460 270.322 0.8992 0.9038
00 271.460 270.324 0.9262 0.9311
00 271.460 270.248 0.9286 0.9344
00 271.460 270.464 0.9217 0.9251
00 271.460 270.347 0.8788 0.8830
00 271.460 270.416 0.9399 0.9440
00 271.460 270.286 0.9277 0.9330
00 271.460 270.484 0.9230 0.9264
00 271.460 270.454 0.8677 0.8708
00 271.460 270.524 0.9534 0.9569
00 271.460 270.310 0.9249 0.9300
00 271.460 270.506 0.9248 0.9282
00 271.460 270.393 0.8781 0.8818
00 271.460 270.546 0.9537 0.9570
00 271.460 270.328 0.9203 0.9251
00 271.460 270.542 0.9283 0.9316
00 271.465 270.285 0.8997 0.9048
00 271.464 270.553 0.9517 0.9549
00 271.460 270.364 0.9194 0.9238
00 271.460 270.592 0.9324 0.9352
00 272.095 270.846 0.9088 0.9151
00 271.881 270.959 0.9487 0.9518
00 271.460 270.380 0.9170 0.9212
00 271.460 270.648 0.9359 0.9380
00 272.626 271.340 0.9120 0.9182
00 272.418 271.480 0.9440 0.9470
00 271.461 270.376 0.9108 0.9150
00 271.514 270.738 0.9313 0.9330
00 272.895 271.600 0.9139 0.9208
00 272.911 271.986 0.9417 0.9447
00 271.965 270.848 0.9071 0.9120
00 272.076 271.312 0.9266 0.9277
00 271.460 270.202 0.9460 0.9525
00 271.460 270.335 0.9415 0.9464
00 271.460 270.522 0.9665 0.9700
00 271.460 270.188 0.9336 0.9401
00 271.460 270.385 0.9577 0.9622
00 271.460 270.234 0.9253 0.9312
00 271.460 270.543 0.9663 0.9696
00 271.460 270.126 0.9260 0.9331
00 271.460 270.444 0.9560 0.9599
00 271.460 270.337 0.9474 0.9524
00 271.460 270.474 0.9610 0.9647
00 271.460 270.219 0.9135 0.9194
00 271.460 270.404 0.9521 0.9564
00 271.460 270.447 0.9572 0.9611
00 271.460 270.434 0.9585 0.9625
00 271.460 270.290 0.9000 0.9050
00 271.460 270.360 0.9452 0.9499
00 271.460 270.490 0.9607 0.9643
00 271.460 270.440 0.9586 0.9626
00 271.460 270.403 0.9057 0.9096
00 271.460 270.286 0.9332 0.9386
00 271.460 270.465 0.9586 0.9623
00 271.460 270.421 0.9567 0.9608
00 271.460 270.433 0.9102 0.9138
00 271.460 270.282 0.9267 0.9321
00 271.460 270.427 0.9552 0.9592
00 271.460 270.296 0.9454 0.9508
00 271.460 270.455 0.9125 0.9159
00 271.460 270.288 0.9197 0.9250
00 271.460 270.412 0.9527 0.9569
00 271.460 270.211 0.9360 0.9423
00 271.460 270.469 0.9113 0.9146
00 271.460 270.297 0.9061 0.9111
00 271.460 270.401 0.9490 0.9533
00 271.460 270.232 0.9337 0.9397
00 271.460 270.487 0.9115 0.9148
00 271.460 270.342 0.8923 0.8967
00 271.460 270.329 0.9353 0.9402
00 271.460 270.255 0.9291 0.9348
00 271.460 270.512 0.9137 0.9171
00 271.460 270.400 0.8743 0.8779
00 271.460 270.338 0.9254 0.9301
00 271.460 270.315 0.9292 0.9342
00 271.460 270.543 0.9159 0.9192
00 271.460 270.477 0.8604 0.8635
00 271.460 270.400 0.9181 0.9221
00 271.460 270.354 0.9297 0.9344
00 271.460 270.580 0.9204 0.9233
00 271.460 270.498 0.8678 0.8709
00 271.460 270.472 0.9213 0.9247
00 271.460 270.373 0.9272 0.9316
00 271.460 270.622 0.9251 0.9275
00 271.461 270.506 0.8712 0.8744
00 271.460 270.579 0.9369 0.9398
00 271.460 270.366 0.9198 0.9242
00 271.460 270.661 0.9272 0.9292
00 271.990 270.962 0.8665 0.8703
00 271.666 270.789 0.9364 0.9391
00 271.460 270.363 0.9162 0.9206
00 271.466 270.711 0.9255 0.9270
00 272.462 271.358 0.8662 0.8701
00 272.408 271.485 0.9312 0.9339
00 271.510 270.401 0.9125 0.9169
00 271.744 271.022 0.9248 0.9257
00 272.709 271.565 0.8666 0.8719
00 272.480 271.532 0.9231 0.9265
00 272.350 271.179 0.9085 0.9136
00 271.976 271.272 0.9188 0.9193
00 271.460 270.424 0.9536 0.9578
00 271.460 270.408 0.9521 0.9564
00 271.460 270.447 0.9601 0.9641
00 271.460 270.146 0.8991 0.9057
00 271.460 270.372 0.9460 0.9506
00 271.460 270.467 0.9579 0.9616
00 271.460 270.447 0.9593 0.9632
00 271.460 270.265 0.8888 0.8940
00 271.460 270.279 0.9315 0.9370
00 271.460 270.501 0.9605 0.9640
00 271.460 270.439 0.9581 0.9621
00 271.460 270.358 0.8838 0.8879
00 271.460 270.287 0.9255 0.9309
00 271.460 270.488 0.9585 0.9620
00 271.460 270.412 0.9554 0.9596
00 271.460 270.420 0.8838 0.8873
00 271.460 270.301 0.9169 0.9220
00 271.460 270.463 0.9550 0.9587
00 271.460 270.307 0.9455 0.9508
00 271.460 270.461 0.8846 0.8878
00 271.460 270.324 0.8997 0.9044
00 271.460 270.469 0.9534 0.9570
00 271.460 270.233 0.9365 0.9425
00 271.460 270.505 0.8873 0.8905
00 271.460 270.366 0.8868 0.8908
00 271.460 270.466 0.9503 0.9539
00 271.460 270.247 0.9313 0.9371
00 271.460 270.544 0.8894 0.8927
00 271.460 270.444 0.8739 0.8771
00 271.460 270.439 0.9463 0.9502
00 271.460 270.290 0.9278 0.9331
00 271.460 270.587 0.8924 0.8953
00 271.460 270.472 0.8699 0.8731
00 271.460 270.410 0.9426 0.9468
00 271.460 270.346 0.9280 0.9327
00 271.460 270.632 0.8960 0.8983
00 271.463 270.491 0.8816 0.8848
00 271.460 270.377 0.9347 0.9391
00 271.460 270.398 0.9330 0.9372
00 271.460 270.677 0.8993 0.9012
00 271.662 270.700 0.8914 0.8950
00 271.495 270.437 0.9342 0.9383
00 271.460 270.380 0.9273 0.9316
00 271.460 270.722 0.8994 0.9007
00 271.819 270.878 0.8965 0.8997
00 271.754 270.716 0.9339 0.9383
00 271.460 270.365 0.9213 0.9257
00 271.501 270.804 0.8955 0.8964
00 272.036 271.097 0.8989 0.9018
00 271.883 270.862 0.9340 0.9381
00 271.569 270.454 0.9153 0.9198
00 271.836 271.148 0.8893 0.8896
00 272.612 271.632 0.9008 0.9045
00 272.461 271.427 0.9352 0.9390
00 272.167 271.003 0.9083 0.9136
00 272.181 271.485 0.8796 0.8800
00 272.181 271.485 0.8796 0.8800
