00 271.460 270.469 0.9454 0.9489
00 271.460 270.312 0.9160 0.9210
00 271.460 270.419 0.9097 0.9134
00 271.460 270.460 0.9095 0.9128
00 271.460 270.452 0.9408 0.9445
00 271.460 270.318 0.9127 0.9176
00 271.460 270.425 0.9018 0.9054
00 271.460 270.424 0.9016 0.9052
00 271.460 270.416 0.9317 0.9356
00 271.460 270.329 0.9122 0.9170
00 271.460 270.433 0.8942 0.8976
00 271.460 270.437 0.8949 0.8982
00 271.460 270.413 0.9297 0.9337
00 271.460 270.325 0.9126 0.9173
00 271.460 270.442 0.8903 0.8936
00 271.460 270.467 0.8894 0.8926
00 271.460 270.440 0.9337 0.9375
00 271.460 270.310 0.9139 0.9188
00 271.460 270.441 0.8892 0.8924
00 271.460 270.492 0.8921 0.8953
00 271.460 270.456 0.9369 0.9405
00 271.460 270.300 0.9174 0.9225
00 271.460 270.416 0.8895 0.8931
00 271.460 270.483 0.8932 0.8965
00 271.460 270.456 0.9380 0.9415
00 271.460 270.286 0.9192 0.9245
00 271.460 270.407 0.8957 0.8994
00 271.460 270.482 0.9027 0.9060
00 271.460 270.447 0.9372 0.9409
00 271.460 270.311 0.9235 0.9286
00 271.460 270.416 0.8985 0.9021
00 271.460 270.484 0.9052 0.9085
00 271.460 270.429 0.9356 0.9395
00 271.460 270.367 0.9303 0.9347
00 271.460 270.395 0.8984 0.9022
00 271.460 270.461 0.9040 0.9073
00 271.460 270.420 0.9339 0.9378
00 271.460 270.418 0.9383 0.9424
00 271.460 270.360 0.9039 0.9082
00 271.460 270.454 0.9053 0.9086
00 271.460 270.446 0.9364 0.9401
00 271.460 270.440 0.9428 0.9467
00 271.460 270.356 0.9122 0.9166
00 271.460 270.458 0.9094 0.9128
00 271.460 270.468 0.9388 0.9423
00 271.460 270.452 0.9440 0.9477
00 271.460 270.413 0.9258 0.9297
00 271.460 270.453 0.9106 0.9139
00 271.460 270.480 0.9408 0.9443
00 271.460 270.473 0.9464 0.9499
00 271.460 270.441 0.9324 0.9361
00 271.460 270.454 0.9116 0.9149
00 271.460 270.484 0.9416 0.9450
00 271.460 270.411 0.9381 0.9422
00 271.460 270.451 0.9368 0.9405
00 271.460 270.461 0.9135 0.9169
00 271.460 270.506 0.9445 0.9480
00 271.460 270.333 0.9268 0.9317
00 271.460 270.446 0.9357 0.9394
00 271.460 270.489 0.9199 0.9233
00 271.460 270.521 0.9467 0.9502
00 271.460 270.318 0.9199 0.9248
00 271.460 270.426 0.9350 0.9389
00 271.460 270.523 0.9257 0.9291
00 271.816 270.871 0.9478 0.9512
00 271.660 270.539 0.9205 0.9258
00 271.460 270.433 0.9374 0.9413
00 271.460 270.554 0.9324 0.9356
00 272.343 271.381 0.9482 0.9515
00 272.353 271.224 0.9236 0.9284
00 271.592 270.608 0.9443 0.9482
00 271.469 270.564 0.9325 0.9357
00 271.460 270.468 0.9440 0.9475
00 271.460 270.375 0.9087 0.9129
00 271.460 270.432 0.9091 0.9126
00 271.460 270.461 0.9098 0.9131
00 271.460 270.448 0.9383 0.9420
00 271.460 270.458 0.9090 0.9123
00 271.460 270.434 0.9014 0.9048
00 271.460 270.420 0.9019 0.9055
00 271.460 270.413 0.9283 0.9322
00 271.460 270.471 0.9120 0.9153
00 271.460 270.446 0.8926 0.8958
00 271.460 270.443 0.8952 0.8985
00 271.460 270.384 0.9193 0.9235
00 271.460 270.437 0.9136 0.9171
00 271.460 270.462 0.8921 0.8953
00 271.460 270.482 0.8926 0.8958
00 271.460 270.375 0.9153 0.9196
00 271.460 270.389 0.9132 0.9172
00 271.460 270.467 0.8921 0.8954
00 271.460 270.507 0.8948 0.8980
00 271.460 270.375 0.9164 0.9207
00 271.460 270.343 0.9124 0.9170
00 271.460 270.459 0.8894 0.8926
00 271.460 270.498 0.8954 0.8987
00 271.460 270.388 0.9201 0.9242
00 271.460 270.305 0.9118 0.9168
00 271.460 270.427 0.8889 0.8923
00 271.460 270.479 0.9019 0.9052
00 271.460 270.403 0.9240 0.9280
00 271.460 270.282 0.9135 0.9188
00 271.460 270.431 0.8976 0.9011
00 271.460 270.498 0.9081 0.9114
00 271.460 270.387 0.9244 0.9286
00 271.460 270.284 0.9175 0.9228
00 271.460 270.419 0.8976 0.9012
00 271.460 270.491 0.9081 0.9115
00 271.460 270.355 0.9227 0.9272
00 271.460 270.318 0.9253 0.9303
00 271.460 270.382 0.8986 0.9026
00 271.460 270.479 0.9076 0.9109
00 271.460 270.345 0.9238 0.9284
00 271.460 270.416 0.9404 0.9444
00 271.460 270.369 0.9059 0.9101
00 271.460 270.485 0.9107 0.9140
00 271.460 270.373 0.9282 0.9326
00 271.460 270.449 0.9450 0.9487
00 271.460 270.386 0.9161 0.9203
00 271.460 270.488 0.9113 0.9146
00 271.460 270.415 0.9321 0.9361
00 271.460 270.461 0.9467 0.9503
00 271.460 270.424 0.9260 0.9299
00 271.460 270.482 0.9095 0.9128
00 271.460 270.462 0.9365 0.9401
00 271.460 270.441 0.9416 0.9454
00 271.460 270.442 0.9304 0.9340
00 271.460 270.489 0.9118 0.9152
00 271.460 270.479 0.9378 0.9413
00 271.460 270.396 0.9340 0.9382
00 271.460 270.440 0.9302 0.9339
00 271.460 270.510 0.9183 0.9217
00 271.460 270.489 0.9392 0.9427
00 271.460 270.363 0.9293 0.9338
00 271.462 270.440 0.9332 0.9369
00 271.461 270.526 0.9195 0.9229
00 272.626 271.628 0.9427 0.9467
00 272.524 271.359 0.9258 0.9308
00 272.436 271.362 0.9353 0.9396
00 272.248 271.273 0.9197 0.9229
00 272.710 271.731 0.9456 0.9493
00 272.997 271.834 0.9276 0.9330
00 272.949 271.876 0.9388 0.9434
00 272.491 271.504 0.9184 0.9220
00 271.460 270.466 0.9420 0.9455
00 271.460 270.396 0.8931 0.8969
00 271.460 270.420 0.9080 0.9117
00 271.465 270.471 0.9098 0.9131
00 271.460 270.430 0.9322 0.9360
00 271.460 270.519 0.9099 0.9132
00 271.460 270.415 0.8973 0.9009
00 271.460 270.424 0.9028 0.9064
00 271.460 270.414 0.9244 0.9283
00 271.460 270.530 0.9233 0.9266
00 271.460 270.444 0.8918 0.8951
00 271.460 270.443 0.8951 0.8984
00 271.460 270.418 0.9201 0.9239
00 271.460 270.495 0.9220 0.9254
00 271.460 270.455 0.8903 0.8935
00 271.460 270.489 0.8935 0.8967
00 271.460 270.423 0.9158 0.9195
00 271.460 270.442 0.9174 0.9209
00 271.460 270.468 0.8856 0.8888
00 271.460 270.522 0.8986 0.9018
00 271.460 270.419 0.9085 0.9122
00 271.460 270.407 0.9156 0.9195
00 271.460 270.492 0.8880 0.8912
00 271.460 270.514 0.8996 0.9028
00 271.460 270.412 0.9078 0.9115
00 271.460 270.373 0.9130 0.9173
00 271.460 270.462 0.8861 0.8893
00 271.460 270.506 0.9057 0.9090
00 271.460 270.388 0.9093 0.9133
00 271.460 270.342 0.9113 0.9159
00 271.460 270.446 0.8944 0.8977
00 271.460 270.505 0.9093 0.9126
00 271.460 270.377 0.9117 0.9159
00 271.460 270.330 0.9137 0.9184
00 271.460 270.435 0.8981 0.9015
00 271.460 270.508 0.9107 0.9140
00 271.460 270.364 0.9141 0.9185
00 271.460 270.311 0.9164 0.9214
00 271.460 270.393 0.8963 0.9002
00 271.460 270.507 0.9105 0.9138
00 271.460 270.330 0.9146 0.9193
00 271.460 270.289 0.9195 0.9247
00 271.460 270.384 0.9018 0.9059
00 271.460 270.514 0.9108 0.9142
00 271.460 270.296 0.9150 0.9202
00 271.460 270.316 0.9269 0.9319
00 271.460 270.378 0.9111 0.9152
00 271.460 270.523 0.9102 0.9135
00 271.460 270.301 0.9188 0.9240
00 271.460 270.408 0.9405 0.9447
00 271.460 270.385 0.9177 0.9218
00 271.460 270.534 0.9097 0.9130
00 271.460 270.358 0.9254 0.9300
00 271.460 270.428 0.9429 0.9469
00 271.460 270.440 0.9280 0.9316
00 271.460 270.543 0.9112 0.9146
00 271.460 270.439 0.9332 0.9369
00 271.460 270.442 0.9427 0.9465
00 271.460 270.452 0.9297 0.9333
00 271.460 270.556 0.9150 0.9182
00 271.460 270.458 0.9340 0.9375
00 271.460 270.431 0.9381 0.9420
00 271.460 270.429 0.9279 0.9317
00 271.475 270.592 0.9203 0.9232
00 271.476 270.484 0.9349 0.9385
00 271.490 270.435 0.9319 0.9359
00 271.511 270.489 0.9328 0.9368
00 271.599 270.677 0.9222 0.9254
00 273.530 272.466 0.9380 0.9420
00 272.917 271.846 0.9387 0.9432
00 272.802 271.749 0.9386 0.9430
00 272.010 270.983 0.9130 0.9170
00 271.460 270.491 0.9377 0.9411
00 271.460 270.385 0.8814 0.8852
00 271.460 270.392 0.9053 0.9093
00 272.243 271.193 0.9104 0.9144
00 271.460 270.487 0.9284 0.9318
00 271.460 270.424 0.8925 0.8960
00 271.460 270.401 0.8980 0.9018
00 271.641 270.614 0.9080 0.9123
00 271.460 270.489 0.9238 0.9271
00 271.460 270.448 0.9061 0.9095
00 271.460 270.436 0.8938 0.8972
00 271.460 270.440 0.8977 0.9011
00 271.460 270.469 0.9187 0.9220
00 271.460 270.485 0.9223 0.9257
00 271.460 270.447 0.8919 0.8951
00 271.460 270.475 0.8916 0.8948
00 271.460 270.443 0.9129 0.9164
00 271.460 270.466 0.9228 0.9262
00 271.460 270.468 0.8859 0.8891
00 271.460 270.518 0.8956 0.8988
00 271.460 270.449 0.9109 0.9143
00 271.460 270.418 0.9140 0.9177
00 271.460 270.488 0.8842 0.8874
00 271.460 270.529 0.9014 0.9047
00 271.460 270.459 0.9082 0.9115
00 271.460 270.386 0.9089 0.9130
00 271.460 270.469 0.8879 0.8911
00 271.460 270.528 0.9063 0.9096
00 271.460 270.455 0.9054 0.9087
00 271.460 270.349 0.9009 0.9053
00 271.460 270.452 0.8943 0.8975
00 271.460 270.535 0.9105 0.9138
00 271.460 270.432 0.9046 0.9082
00 271.460 270.331 0.8985 0.9031
00 271.460 270.449 0.8987 0.9019
00 271.460 270.537 0.9121 0.9155
00 271.460 270.398 0.9045 0.9084
00 271.460 270.322 0.9050 0.9098
00 271.460 270.412 0.8948 0.8985
00 271.460 270.545 0.9125 0.9157
00 271.460 270.344 0.9055 0.9100
00 271.460 270.330 0.9138 0.9185
00 271.460 270.390 0.8980 0.9019
00 271.460 270.560 0.9132 0.9164
00 271.460 270.333 0.9125 0.9172
00 271.460 270.297 0.9170 0.9221
00 271.460 270.376 0.9055 0.9097
00 271.460 270.580 0.9149 0.9179
00 271.460 270.321 0.9169 0.9217
00 271.460 270.305 0.9221 0.9272
00 271.460 270.368 0.9124 0.9167
00 271.460 270.598 0.9181 0.9208
00 271.460 270.320 0.9195 0.9245
00 271.460 270.325 0.9261 0.9310
00 271.460 270.421 0.9236 0.9275
00 271.460 270.617 0.9255 0.9280
00 271.460 270.388 0.9265 0.9308
00 271.460 270.325 0.9269 0.9319
00 271.460 270.454 0.9295 0.9330
00 271.461 270.576 0.9234 0.9264
00 271.461 270.430 0.9299 0.9338
00 271.476 270.359 0.9279 0.9327
00 271.619 270.595 0.9279 0.9322
00 272.038 271.000 0.9053 0.9093
00 271.695 270.655 0.9290 0.9334
00 271.886 270.800 0.9317 0.9364
00 271.898 270.881 0.9331 0.9372
00 272.200 271.083 0.8822 0.8867
00 273.383 272.275 0.9312 0.9357
00 272.762 271.651 0.9311 0.9361
00 272.711 271.699 0.9404 0.9444
00 272.753 271.595 0.8665 0.8719
00 271.460 270.417 0.9280 0.9320
00 271.460 270.349 0.8908 0.8951
00 271.653 270.588 0.9145 0.9192
00 272.174 271.202 0.9197 0.9230
00 271.460 270.397 0.9152 0.9192
00 271.460 270.388 0.8830 0.8868
00 271.461 270.369 0.9046 0.9088
00 272.136 271.102 0.9127 0.9166
00 271.460 270.426 0.9130 0.9167
00 271.460 270.401 0.8805 0.8841
00 271.460 270.370 0.8969 0.9011
00 271.778 270.780 0.9179 0.9218
00 271.460 270.428 0.9107 0.9144
00 271.460 270.391 0.8802 0.8839
00 271.460 270.425 0.8975 0.9010
00 271.460 270.450 0.9053 0.9086
00 271.460 270.427 0.9089 0.9125
00 271.460 270.388 0.8867 0.8905
00 271.460 270.449 0.8979 0.9011
00 271.460 270.460 0.8948 0.8980
00 271.460 270.423 0.9067 0.9103
00 271.460 270.406 0.9009 0.9047
00 271.460 270.444 0.8933 0.8965
00 271.460 270.507 0.8910 0.8943
00 271.460 270.433 0.9057 0.9092
00 271.460 270.429 0.9127 0.9164
00 271.460 270.454 0.8929 0.8961
00 271.460 270.535 0.8960 0.8992
00 271.460 270.458 0.9075 0.9108
00 271.460 270.429 0.9146 0.9183
00 271.460 270.459 0.8950 0.8982
00 271.460 270.537 0.9012 0.9044
00 271.460 270.473 0.9085 0.9118
00 271.460 270.400 0.9079 0.9118
00 271.460 270.467 0.8977 0.9010
00 271.460 270.545 0.9056 0.9089
00 271.460 270.455 0.9044 0.9077
00 271.460 270.371 0.8972 0.9013
00 271.460 270.472 0.8984 0.9017
00 271.460 270.572 0.9106 0.9136
00 271.460 270.413 0.8992 0.9029
00 271.460 270.363 0.8890 0.8932
00 271.460 270.434 0.8938 0.8972
00 271.460 270.591 0.9139 0.9167
00 271.460 270.377 0.8981 0.9022
00 271.460 270.374 0.9044 0.9085
00 271.460 270.395 0.8960 0.8998
00 271.460 270.609 0.9160 0.9186
00 271.460 270.352 0.9057 0.9102
00 271.460 270.350 0.9130 0.9175
00 271.460 270.369 0.9032 0.9074
00 271.460 270.615 0.9190 0.9216
00 271.460 270.348 0.9158 0.9204
00 271.460 270.314 0.9124 0.9173
00 271.460 270.360 0.9103 0.9147
00 271.460 270.599 0.9148 0.9175
00 271.460 270.371 0.9226 0.9270
00 271.460 270.316 0.9126 0.9175
00 271.460 270.411 0.9215 0.9254
00 271.460 270.510 0.9026 0.9059
00 271.460 270.404 0.9249 0.9289
00 271.460 270.329 0.9140 0.9188
00 271.460 270.447 0.9276 0.9312
00 271.460 270.426 0.8827 0.8861
00 271.991 270.939 0.9266 0.9309
00 273.363 272.139 0.9186 0.9243
00 272.780 271.707 0.9293 0.9339
00 271.570 270.560 0.8656 0.8698
00 273.006 271.903 0.9267 0.9314
00 273.802 272.591 0.9217 0.9276
00 273.382 272.311 0.9345 0.9386
00 273.149 272.029 0.8475 0.8518
00 273.576 272.449 0.9271 0.9316
00 273.689 272.493 0.9207 0.9261
00 273.451 272.432 0.9411 0.9447
00 273.809 272.653 0.8424 0.8475
00 271.460 270.355 0.9242 0.9288
00 271.460 270.247 0.8895 0.8949
00 271.460 270.399 0.9142 0.9182
00 271.460 270.610 0.9062 0.9088
00 271.460 270.379 0.9151 0.9193
00 271.460 270.354 0.8953 0.8995
00 271.656 270.569 0.9130 0.9180
00 271.460 270.593 0.9175 0.9203
00 271.460 270.399 0.9095 0.9134
00 271.460 270.399 0.8922 0.8960
00 271.479 270.373 0.9074 0.9118
00 271.460 270.516 0.9122 0.9156
00 271.460 270.412 0.9074 0.9112
00 271.460 270.408 0.8853 0.8889
00 271.461 270.356 0.9023 0.9067
00 271.460 270.487 0.9181 0.9214
00 271.460 270.422 0.9052 0.9089
00 271.460 270.408 0.8806 0.8842
00 271.460 270.394 0.8983 0.9021
00 271.460 270.485 0.9177 0.9211
00 271.460 270.423 0.9002 0.9037
00 271.460 270.421 0.8778 0.8811
00 271.460 270.453 0.9011 0.9044
00 271.460 270.458 0.9045 0.9078
00 271.460 270.431 0.8977 0.9012
00 271.460 270.417 0.8760 0.8794
00 271.460 270.457 0.8979 0.9011
00 271.460 270.481 0.8938 0.8971
00 271.460 270.444 0.9020 0.9054
00 271.460 270.395 0.8810 0.8847
00 271.460 270.458 0.8954 0.8986
00 271.460 270.532 0.8906 0.8938
00 271.460 270.448 0.9037 0.9070
00 271.460 270.379 0.8879 0.8918
00 271.460 270.468 0.8942 0.8974
00 271.460 270.566 0.8918 0.8949
00 271.460 270.424 0.8997 0.9033
00 271.460 270.369 0.8885 0.8925
00 271.460 270.473 0.8922 0.8954
00 271.460 270.582 0.8988 0.9017
00 271.460 270.402 0.8988 0.9026
00 271.460 270.388 0.8872 0.8910
00 271.460 270.454 0.8893 0.8925
00 271.460 270.580 0.9014 0.9044
00 271.460 270.390 0.9020 0.9059
00 271.460 270.491 0.8978 0.9011
00 271.460 270.419 0.8899 0.8934
00 271.460 270.589 0.9058 0.9087
00 271.460 270.380 0.9054 0.9095
00 271.460 270.466 0.9084 0.9117
00 271.460 270.380 0.8955 0.8995
00 271.460 270.596 0.9098 0.9126
00 271.460 270.375 0.9122 0.9164
00 271.460 270.408 0.9092 0.9130
00 271.460 270.363 0.9038 0.9081
00 271.460 270.564 0.9035 0.9066
00 271.460 270.384 0.9187 0.9229
00 271.460 270.391 0.9073 0.9113
00 271.460 270.375 0.9127 0.9169
00 271.460 270.499 0.8877 0.8909
00 271.460 270.401 0.9216 0.9257
00 271.460 270.396 0.9063 0.9102
00 271.460 270.438 0.9272 0.9309
00 271.460 270.467 0.8634 0.8665
00 271.460 270.434 0.9248 0.9285
00 271.460 270.403 0.9045 0.9083
00 271.460 270.458 0.9296 0.9331
00 272.139 271.124 0.8489 0.8522
00 272.617 271.577 0.9309 0.9353
00 271.966 270.877 0.9050 0.9096
00 271.478 270.488 0.9295 0.9331
00 273.177 272.072 0.8475 0.8516
00 273.165 272.129 0.9350 0.9389
00 273.138 271.981 0.9069 0.9120
00 272.339 271.359 0.9373 0.9406
00 273.094 272.015 0.8431 0.8470
00 273.614 272.580 0.9379 0.9421
00 273.322 272.165 0.9115 0.9164
00 273.496 272.476 0.9390 0.9426
00 271.460 270.622 0.8462 0.8487
00 271.460 270.424 0.9382 0.9421
00 271.460 270.315 0.9143 0.9192
00 271.460 270.370 0.9075 0.9118
00 271.460 270.504 0.8733 0.8765
00 271.460 270.389 0.9222 0.9263
00 271.460 270.314 0.9026 0.9074
00 271.460 270.427 0.9152 0.9188
00 271.460 270.597 0.8792 0.8819
00 271.460 270.421 0.9168 0.9205
00 271.460 270.371 0.9028 0.9070
00 271.460 270.387 0.9141 0.9182
00 271.460 270.591 0.8979 0.9007
00 271.460 270.434 0.9143 0.9179
00 271.460 270.407 0.9008 0.9045
00 271.460 270.368 0.9119 0.9162
00 271.460 270.577 0.9074 0.9104
00 271.460 270.436 0.9093 0.9128
00 271.460 270.418 0.8929 0.8965
00 271.460 270.356 0.9074 0.9118
00 271.460 270.535 0.9150 0.9183
00 271.460 270.416 0.8985 0.9021
00 271.460 270.413 0.8842 0.8877
00 271.460 270.357 0.9012 0.9055
00 271.460 270.499 0.9179 0.9213
00 271.460 270.407 0.8947 0.8984
00 271.460 270.417 0.8785 0.8820
00 271.460 270.403 0.8991 0.9028
00 271.460 270.493 0.9181 0.9214
00 271.460 270.401 0.8982 0.9020
00 271.460 270.442 0.8756 0.8788
00 271.460 270.447 0.9002 0.9035
00 271.460 270.470 0.9061 0.9094
00 271.460 270.391 0.8980 0.9019
00 271.460 270.448 0.8749 0.8781
00 271.460 270.457 0.8988 0.9021
00 271.460 270.496 0.8955 0.8987
00 271.460 270.378 0.8987 0.9028
00 271.460 270.426 0.8758 0.8791
00 271.460 270.446 0.8926 0.8959
00 271.460 270.547 0.8892 0.8925
00 271.460 270.364 0.9039 0.9082
00 271.460 270.403 0.8757 0.8793
00 271.460 270.445 0.8895 0.8927
00 271.460 270.596 0.8869 0.8896
00 271.460 270.361 0.9096 0.9140
00 271.460 270.422 0.8863 0.8898
00 271.460 270.430 0.8904 0.8938
00 271.460 270.611 0.8855 0.8881
00 271.460 270.388 0.9164 0.9205
00 271.460 270.498 0.9072 0.9105
00 271.460 270.399 0.8938 0.8976
00 271.460 270.599 0.8837 0.8864
00 271.460 270.415 0.9210 0.9249
00 271.460 270.474 0.9113 0.9146
00 271.460 270.373 0.8979 0.9020
00 271.460 270.584 0.8815 0.8844
00 271.460 270.417 0.9222 0.9260
00 271.460 270.431 0.9086 0.9122
00 271.460 270.369 0.9054 0.9096
00 271.460 270.558 0.8692 0.8723
00 271.460 270.427 0.9235 0.9273
00 271.460 270.424 0.9056 0.9092
00 271.460 270.400 0.9152 0.9192
00 271.523 270.607 0.8589 0.8622
00 271.492 270.482 0.9260 0.9297
00 271.466 270.447 0.9076 0.9111
00 271.469 270.436 0.9244 0.9282
00 271.873 270.922 0.8534 0.8564
00 271.761 270.778 0.9304 0.9342
00 271.472 270.466 0.9057 0.9091
00 271.781 270.742 0.9271 0.9315
00 271.642 270.721 0.8535 0.8566
00 271.664 270.721 0.9356 0.9390
00 271.509 270.525 0.9084 0.9121
00 271.929 270.926 0.9321 0.9359
00 272.456 271.425 0.8495 0.8524
00 272.186 271.246 0.9393 0.9424
00 272.074 271.054 0.9112 0.9151
00 272.098 271.135 0.9360 0.9393
00 273.754 272.567 0.8478 0.8533
00 273.575 272.549 0.9351 0.9393
00 273.384 272.244 0.9095 0.9142
00 273.118 272.106 0.9347 0.9384
00 271.460 270.596 0.8607 0.8635
00 271.460 270.427 0.9258 0.9295
00 271.460 270.335 0.9081 0.9127
00 271.460 270.448 0.9151 0.9186
00 271.460 270.459 0.8716 0.8748
00 271.460 270.446 0.9187 0.9222
00 271.460 270.403 0.9096 0.9135
00 271.460 270.423 0.9162 0.9200
00 271.460 270.545 0.8706 0.8737
00 271.460 270.432 0.9137 0.9173
00 271.460 270.413 0.9063 0.9101
00 271.460 270.392 0.9151 0.9192
00 271.460 270.560 0.8843 0.8875
00 271.460 270.404 0.9013 0.9050
00 271.460 270.423 0.9005 0.9041
00 271.460 270.366 0.9112 0.9155
00 271.460 270.585 0.9037 0.9066
00 271.460 270.404 0.8941 0.8978
00 271.460 270.417 0.8902 0.8938
00 271.460 270.358 0.9077 0.9121
00 271.460 270.576 0.9133 0.9162
00 271.460 270.397 0.8974 0.9012
00 271.460 270.409 0.8813 0.8848
00 271.460 270.353 0.9019 0.9063
00 271.460 270.541 0.9174 0.9208
00 271.460 270.373 0.8989 0.9031
00 271.460 270.430 0.8757 0.8790
00 271.460 270.381 0.8982 0.9022
00 271.460 270.529 0.9204 0.9238
00 271.460 270.349 0.9006 0.9050
00 271.460 270.465 0.8740 0.8772
00 271.460 270.424 0.8982 0.9017
00 271.460 270.501 0.9109 0.9143
00 271.460 270.354 0.9067 0.9111
00 271.460 270.458 0.8756 0.8788
00 271.460 270.430 0.8936 0.8971
00 271.460 270.511 0.9014 0.9047
00 271.460 270.366 0.9129 0.9172
00 271.460 270.444 0.8817 0.8849
00 271.460 270.425 0.8930 0.8965
00 271.460 270.537 0.8927 0.8960
00 271.460 270.404 0.9185 0.9224
00 271.460 270.444 0.8903 0.8935
00 271.460 270.409 0.8934 0.8970
00 271.460 270.558 0.8859 0.8891
00 271.460 270.427 0.9212 0.9250
00 271.460 270.480 0.9059 0.9092
00 271.460 270.391 0.8956 0.8995
00 271.460 270.574 0.8799 0.8829
00 271.460 270.446 0.9233 0.9269
00 271.460 270.475 0.9100 0.9134
00 271.460 270.376 0.9000 0.9041
00 271.460 270.582 0.8734 0.8764
00 271.460 270.459 0.9252 0.9286
00 271.460 270.439 0.9063 0.9097
00 271.460 270.385 0.9075 0.9116
00 271.460 270.571 0.8654 0.8684
00 271.460 270.485 0.9284 0.9318
00 271.460 270.426 0.9030 0.9065
00 271.460 270.400 0.9141 0.9181
00 271.597 270.677 0.8579 0.8611
00 271.906 270.937 0.9317 0.9352
00 271.508 270.500 0.9061 0.9098
00 271.508 270.462 0.9214 0.9253
00 272.099 271.121 0.8564 0.8594
00 272.417 271.450 0.9361 0.9392
00 271.904 270.900 0.9073 0.9111
00 272.533 271.440 0.9257 0.9300
00 271.999 271.037 0.8562 0.8592
00 272.229 271.263 0.9371 0.9404
00 272.066 271.051 0.9068 0.9106
00 272.900 271.849 0.9328 0.9371
00 272.668 271.616 0.8547 0.8591
00 272.655 271.592 0.9283 0.9329
00 272.600 271.540 0.9089 0.9135
00 272.988 271.974 0.9342 0.9380
00 273.227 272.106 0.8562 0.8605
00 273.117 271.948 0.9171 0.9224
00 272.895 271.831 0.9117 0.9161
00 272.823 271.841 0.9358 0.9394
00 271.460 270.565 0.8601 0.8632
00 271.460 270.443 0.9399 0.9437
00 271.460 270.327 0.9206 0.9254
00 271.460 270.380 0.9100 0.9142
00 271.460 270.331 0.8832 0.8876
00 271.460 270.453 0.9254 0.9289
00 271.460 270.385 0.9161 0.9203
00 271.460 270.443 0.9132 0.9167
00 271.460 270.379 0.8818 0.8857
00 271.460 270.446 0.9164 0.9199
00 271.460 270.459 0.9229 0.9263
00 271.460 270.452 0.9158 0.9192
00 271.460 270.396 0.8772 0.8809
00 271.460 270.431 0.9105 0.9140
00 271.460 270.444 0.9153 0.9188
00 271.528 270.497 0.9182 0.9222
00 271.460 270.477 0.8673 0.8704
00 271.460 270.406 0.9022 0.9060
00 271.460 270.432 0.9084 0.9120
00 271.387 270.315 0.9159 0.9201
00 271.460 270.554 0.8729 0.8760
00 271.460 270.394 0.9011 0.9050
00 271.460 270.428 0.8988 0.9023
00 271.542 270.444 0.9117 0.9160
00 271.460 270.578 0.8872 0.8902
00 271.460 270.373 0.9021 0.9063
00 271.460 270.413 0.8878 0.8913
00 271.460 270.354 0.9086 0.9131
00 271.460 270.612 0.9068 0.9094
00 271.460 270.361 0.8998 0.9041
00 271.460 270.406 0.8779 0.8814
00 271.460 270.350 0.9051 0.9095
00 271.460 270.603 0.9168 0.9194
00 271.460 270.359 0.9027 0.9070
00 271.460 270.444 0.8718 0.8749
00 271.460 270.356 0.9006 0.9049
00 271.460 270.595 0.9227 0.9254
00 271.460 270.392 0.9109 0.9150
00 271.460 270.470 0.8770 0.8801
00 271.460 270.370 0.8973 0.9014
00 271.460 270.587 0.9254 0.9282
00 271.460 270.428 0.9165 0.9202
00 271.460 270.479 0.8893 0.8926
00 271.460 270.387 0.8967 0.9007
00 271.460 270.567 0.9189 0.9219
00 271.460 270.456 0.9196 0.9230
00 271.460 270.489 0.8975 0.9008
00 271.460 270.385 0.8970 0.9010
00 271.460 270.549 0.9066 0.9098
00 271.460 270.483 0.9235 0.9269
00 271.460 270.463 0.8991 0.9024
00 271.460 270.384 0.8990 0.9030
00 271.460 270.539 0.8971 0.9003
00 271.460 270.525 0.9315 0.9349
00 271.460 270.466 0.9044 0.9077
00 271.460 270.389 0.9049 0.9089
00 271.460 270.520 0.8895 0.8927
00 271.460 270.521 0.9329 0.9364
00 271.460 270.452 0.9056 0.9089
00 271.460 270.397 0.9106 0.9145
00 271.460 270.505 0.8830 0.8861
00 271.460 270.490 0.9306 0.9340
00 271.462 270.439 0.9033 0.9068
00 271.463 270.409 0.9150 0.9190
00 271.480 270.531 0.8759 0.8792
00 271.471 270.428 0.9236 0.9275
00 271.460 270.478 0.9059 0.9092
00 271.660 270.613 0.9206 0.9251
00 272.003 271.000 0.8669 0.8704
00 272.133 270.991 0.9139 0.9190
00 271.607 270.633 0.9065 0.9103
00 271.754 270.715 0.9253 0.9297
00 272.592 271.523 0.8613 0.8655
00 272.820 271.628 0.9059 0.9116
00 272.327 271.298 0.9066 0.9102
00 272.244 271.221 0.9301 0.9339
00 272.603 271.534 0.8607 0.8651
00 272.955 271.764 0.8943 0.8999
00 272.727 271.690 0.9108 0.9150
00 272.746 271.749 0.9350 0.9389
00 272.687 271.613 0.8633 0.8679
00 273.035 271.867 0.8797 0.8849
00 272.913 271.906 0.9157 0.9195
00 273.234 272.251 0.9378 0.9412
00 271.460 270.535 0.8646 0.8677
00 271.460 270.459 0.9392 0.9428
00 271.460 270.398 0.9306 0.9348
00 271.460 270.435 0.9231 0.9268
00 271.460 270.382 0.8856 0.8895
00 271.460 270.406 0.9093 0.9131
00 271.460 270.403 0.9155 0.9194
00 271.460 270.442 0.9181 0.9216
00 271.460 270.385 0.8803 0.8841
00 271.460 270.366 0.9092 0.9135
00 271.460 270.426 0.8976 0.9011
00 271.460 270.353 0.9125 0.9170
00 271.460 270.592 0.8719 0.8747
00 271.460 270.357 0.9048 0.9092
00 271.460 270.373 0.8799 0.8838
00 271.460 270.359 0.9123 0.9167
00 271.460 270.628 0.8851 0.8876
00 271.460 270.391 0.9090 0.9130
00 271.460 270.425 0.8748 0.8781
00 271.460 270.349 0.9094 0.9139
00 271.460 270.652 0.9021 0.9042
00 271.460 270.439 0.9153 0.9188
00 271.460 270.450 0.8698 0.8729
00 271.460 270.352 0.9069 0.9114
00 271.460 270.649 0.9117 0.9139
00 271.460 270.474 0.9202 0.9236
00 271.460 270.482 0.8887 0.8920
00 271.460 270.361 0.9054 0.9097
00 271.460 270.641 0.9215 0.9237
00 271.460 270.497 0.9250 0.9284
00 271.460 270.533 0.9039 0.9072
00 271.460 270.371 0.9052 0.9094
00 271.460 270.636 0.9299 0.9322
00 271.460 270.487 0.9278 0.9312
00 271.460 270.521 0.9048 0.9081
00 271.460 270.376 0.9061 0.9102
00 271.460 270.621 0.9311 0.9336
00 271.460 270.414 0.9191 0.9230
00 271.460 270.484 0.9032 0.9064
00 271.460 270.387 0.9095 0.9136
00 271.460 270.594 0.9284 0.9311
00 271.460 270.349 0.9104 0.9149
00 271.460 270.483 0.9058 0.9090
00 271.460 270.404 0.9142 0.9182
00 271.508 270.613 0.9233 0.9264
00 271.572 270.448 0.9055 0.9100
00 271.559 270.566 0.9054 0.9094
00 271.480 270.435 0.9163 0.9201
00 271.689 270.754 0.9172 0.9205
00 271.706 270.624 0.9013 0.9062
00 271.771 270.785 0.9067 0.9105
00 271.646 270.615 0.9229 0.9273
00 271.598 270.633 0.9034 0.9071
00 271.884 270.839 0.8872 0.8913
00 272.008 271.033 0.9093 0.9127
00 271.999 270.964 0.9251 0.9292
00 271.985 270.964 0.8915 0.8953
00 272.267 271.250 0.8657 0.8690
00 272.485 271.496 0.9121 0.9156
00 272.259 271.251 0.9307 0.9344
00 272.251 271.199 0.8845 0.8883
00 272.772 271.821 0.8733 0.8764
00 272.540 271.578 0.9162 0.9198
00 272.641 271.658 0.9352 0.9389
00 272.681 271.592 0.8796 0.8844
00 273.312 272.385 0.8801 0.8823
00 273.042 272.064 0.9195 0.9228
00 273.040 272.059 0.9355 0.9390
00 271.460 270.509 0.8751 0.8783
00 271.460 270.393 0.9138 0.9178
00 271.460 270.359 0.8853 0.8894
00 271.460 270.423 0.9207 0.9244
00 271.460 270.588 0.8575 0.8603
00 271.460 270.438 0.9173 0.9209
00 271.460 270.395 0.8777 0.8813
00 271.460 270.392 0.9184 0.9225
00 271.460 270.630 0.8641 0.8665
00 271.460 270.450 0.9185 0.9219
00 271.460 270.443 0.8711 0.8742
00 271.460 270.377 0.9167 0.9209
00 271.460 270.656 0.8713 0.8734
00 271.460 270.398 0.9137 0.9177
00 271.460 270.467 0.8805 0.8836
00 271.460 270.369 0.9147 0.9190
00 271.460 270.667 0.8809 0.8829
00 271.460 270.340 0.9056 0.9102
00 271.460 270.545 0.9049 0.9082
00 271.460 270.373 0.9136 0.9179
00 271.460 270.673 0.8902 0.8921
00 271.460 270.324 0.8994 0.9040
00 271.460 270.584 0.9129 0.9157
00 271.460 270.385 0.9140 0.9181
00 271.460 270.674 0.8971 0.8990
00 271.460 270.363 0.8950 0.8992
00 271.460 270.543 0.9085 0.9118
00 271.460 270.403 0.9150 0.9190
00 271.460 270.683 0.9044 0.9062
00 271.460 270.460 0.8920 0.8952
00 271.460 270.525 0.9076 0.9109
00 271.460 270.426 0.9183 0.9220
00 271.499 270.719 0.9123 0.9141
00 271.553 270.641 0.8863 0.8894
00 271.679 270.725 0.9079 0.9114
00 271.602 270.593 0.9251 0.9292
00 271.701 270.905 0.9203 0.9221
00 271.958 271.052 0.8762 0.8788
00 271.902 270.934 0.9072 0.9106
00 271.946 270.939 0.9290 0.9329
00 271.860 271.057 0.9309 0.9327
00 272.308 271.393 0.8772 0.8794
00 271.987 271.040 0.9113 0.9144
00 271.968 270.959 0.9262 0.9301
00 272.029 271.208 0.9333 0.9351
00 272.463 271.596 0.8853 0.8880
00 272.179 271.250 0.9172 0.9200
00 272.131 271.145 0.9298 0.9333
00 272.216 271.370 0.9323 0.9342
00 272.757 271.930 0.8868 0.8887
00 272.302 271.383 0.9193 0.9218
00 272.201 271.249 0.9306 0.9337
00 272.897 271.999 0.9299 0.9325
00 273.827 272.942 0.8874 0.8898
00 273.168 272.189 0.9184 0.9216
00 272.911 271.936 0.9270 0.9305
00 271.460 270.636 0.9262 0.9285
00 271.460 270.447 0.9513 0.9552
00 271.460 270.568 0.9568 0.9598
00 271.460 270.294 0.9218 0.9271
00 271.460 270.619 0.9514 0.9539
00 271.460 270.406 0.9488 0.9530
00 271.460 270.567 0.9561 0.9591
00 271.460 270.312 0.9238 0.9288
00 271.460 270.431 0.9138 0.9174
00 271.460 270.433 0.9522 0.9562
00 271.460 270.543 0.9529 0.9562
00 271.460 270.350 0.9307 0.9354
00 271.460 270.400 0.8944 0.8982
00 271.460 270.458 0.9553 0.9590
00 271.460 270.513 0.9505 0.9540
00 271.460 270.376 0.9340 0.9384
00 271.460 270.454 0.8881 0.8913
00 271.460 270.447 0.9544 0.9583
00 271.460 270.469 0.9458 0.9493
00 271.460 270.324 0.9259 0.9309
00 271.460 270.486 0.8916 0.8948
00 271.460 270.393 0.9483 0.9526
00 271.460 270.437 0.9435 0.9474
00 271.460 270.319 0.9234 0.9284
00 271.460 270.517 0.9050 0.9083
00 271.460 270.369 0.9443 0.9489
00 271.460 270.466 0.9476 0.9511
00 271.460 270.390 0.9314 0.9356
00 271.460 270.471 0.8886 0.8919
00 271.460 270.356 0.9407 0.9455
00 271.460 270.494 0.9509 0.9544
00 271.460 270.460 0.9410 0.9446
00 271.460 270.454 0.8848 0.8880
00 271.460 270.340 0.9374 0.9422
00 271.460 270.536 0.9555 0.9588
00 271.460 270.411 0.9339 0.9380
00 271.460 270.467 0.8929 0.8961
00 271.460 270.356 0.9376 0.9423
00 271.460 270.553 0.9561 0.9592
00 271.460 270.333 0.9183 0.9231
00 271.460 270.446 0.8837 0.8869
00 271.460 270.424 0.9446 0.9487
00 271.460 270.505 0.9506 0.9541
00 271.460 270.340 0.9111 0.9157
00 271.460 270.422 0.8784 0.8817
00 271.460 270.476 0.9499 0.9534
00 271.460 270.386 0.9356 0.9399
00 271.460 270.337 0.9161 0.9208
00 271.460 270.414 0.8708 0.8741
00 271.460 270.492 0.9504 0.9539
00 271.460 270.370 0.9321 0.9366
00 271.460 270.353 0.9283 0.9330
00 271.460 270.423 0.8642 0.8674
00 271.460 270.503 0.9503 0.9538
00 271.460 270.379 0.9321 0.9365
00 271.508 270.492 0.9414 0.9454
00 271.460 270.427 0.8749 0.8782
00 271.460 270.524 0.9506 0.9540
00 271.534 270.465 0.9333 0.9375
00 271.471 270.515 0.9495 0.9531
00 271.460 270.511 0.8968 0.9000
00 271.460 270.551 0.9516 0.9547
00 271.507 270.507 0.9410 0.9449
00 271.463 270.531 0.9522 0.9556
00 271.460 270.528 0.8982 0.9014
00 271.460 270.570 0.9528 0.9558
00 271.461 270.524 0.9484 0.9519
00 271.479 270.517 0.9485 0.9522
00 271.460 270.488 0.8955 0.8988
00 271.460 270.576 0.9535 0.9564
00 271.460 270.564 0.9522 0.9553
00 271.715 270.686 0.9375 0.9418
00 271.460 270.439 0.8882 0.8915
00 271.460 270.460 0.9530 0.9567
00 271.460 270.486 0.9490 0.9525
00 271.460 270.305 0.9232 0.9283
00 271.460 270.544 0.9416 0.9449
00 271.460 270.430 0.9511 0.9551
00 271.460 270.519 0.9519 0.9554
00 271.460 270.288 0.9179 0.9231
00 271.460 270.404 0.9044 0.9082
00 271.460 270.423 0.9511 0.9552
00 271.460 270.554 0.9546 0.9577
00 271.460 270.308 0.9211 0.9262
00 271.460 270.420 0.8888 0.8923
00 271.460 270.421 0.9512 0.9553
00 271.460 270.546 0.9532 0.9565
00 271.460 270.326 0.9244 0.9293
00 271.460 270.491 0.8877 0.8909
00 271.460 270.455 0.9553 0.9590
00 271.460 270.517 0.9509 0.9544
00 271.460 270.336 0.9261 0.9309
00 271.460 270.518 0.8999 0.9032
00 271.460 270.420 0.9515 0.9556
00 271.460 270.458 0.9450 0.9487
00 271.460 270.318 0.9246 0.9296
00 271.460 270.515 0.8997 0.9029
00 271.460 270.406 0.9487 0.9530
00 271.460 270.455 0.9459 0.9496
00 271.460 270.316 0.9238 0.9288
00 271.460 270.490 0.8892 0.8925
00 271.460 270.400 0.9464 0.9507
00 271.460 270.486 0.9496 0.9531
00 271.460 270.418 0.9350 0.9390
00 271.460 270.501 0.8940 0.8972
00 271.460 270.409 0.9459 0.9501
00 271.460 270.517 0.9529 0.9564
00 271.460 270.437 0.9362 0.9400
00 271.460 270.520 0.8958 0.8991
00 271.460 270.416 0.9457 0.9498
00 271.460 270.546 0.9556 0.9588
00 271.460 270.355 0.9224 0.9269
00 271.460 270.506 0.8876 0.8909
00 271.460 270.440 0.9476 0.9515
00 271.460 270.556 0.9558 0.9590
00 271.460 270.342 0.9131 0.9177
00 271.460 270.473 0.8828 0.8860
00 271.460 270.469 0.9503 0.9539
00 271.460 270.544 0.9543 0.9576
00 271.460 270.363 0.9153 0.9197
00 271.460 270.433 0.8748 0.8780
00 271.460 270.489 0.9517 0.9552
00 271.460 270.523 0.9520 0.9555
00 271.460 270.396 0.9283 0.9325
00 271.460 270.435 0.8682 0.8713
00 271.460 270.513 0.9530 0.9565
00 271.460 270.504 0.9490 0.9525
00 271.523 270.515 0.9400 0.9441
00 271.460 270.443 0.8632 0.8663
00 271.460 270.535 0.9540 0.9573
00 271.460 270.503 0.9480 0.9515
00 271.900 270.927 0.9480 0.9516
00 271.460 270.437 0.8716 0.8747
00 271.460 270.551 0.9545 0.9577
00 271.475 270.542 0.9500 0.9534
00 271.942 270.959 0.9471 0.9508
00 271.460 270.520 0.8944 0.8976
00 271.460 270.557 0.9541 0.9573
00 271.515 270.601 0.9511 0.9544
00 271.966 270.942 0.9391 0.9432
00 271.460 270.545 0.8972 0.9005
00 271.460 270.569 0.9549 0.9579
00 271.490 270.579 0.9506 0.9538
00 272.128 271.032 0.9207 0.9254
00 271.460 270.528 0.8952 0.8985
00 271.460 270.430 0.9498 0.9538
00 271.469 270.471 0.9469 0.9505
00 271.482 270.345 0.9250 0.9299
00 271.460 270.487 0.9316 0.9350
00 271.460 270.455 0.9537 0.9574
00 271.464 270.466 0.9464 0.9500
00 271.488 270.321 0.9195 0.9246
00 271.460 270.390 0.8986 0.9025
00 271.460 270.446 0.9533 0.9572
00 271.460 270.483 0.9484 0.9519
00 271.460 270.294 0.9156 0.9208
00 271.460 270.446 0.8854 0.8886
00 271.460 270.404 0.9491 0.9534
00 271.460 270.524 0.9519 0.9554
00 271.460 270.301 0.9152 0.9202
00 271.460 270.514 0.8944 0.8976
00 271.460 270.425 0.9514 0.9555
00 271.460 270.540 0.9528 0.9562
00 271.460 270.308 0.9176 0.9227
00 271.460 270.525 0.8994 0.9026
00 271.460 270.435 0.9527 0.9567
00 271.460 270.522 0.9519 0.9554
00 271.460 270.334 0.9248 0.9296
00 271.460 270.510 0.8927 0.8959
00 271.460 270.428 0.9513 0.9553
00 271.460 270.484 0.9488 0.9523
00 271.460 270.313 0.9241 0.9291
00 271.460 270.498 0.8894 0.8926
00 271.460 270.437 0.9506 0.9546
00 271.460 270.467 0.9478 0.9514
00 271.460 270.337 0.9268 0.9316
00 271.460 270.526 0.8948 0.8980
00 271.460 270.446 0.9503 0.9541
00 271.460 270.479 0.9496 0.9531
00 271.460 270.410 0.9322 0.9363
00 271.460 270.547 0.8908 0.8941
00 271.460 270.461 0.9510 0.9547
00 271.460 270.496 0.9513 0.9548
00 271.460 270.401 0.9268 0.9309
00 271.460 270.552 0.8863 0.8895
00 271.460 270.479 0.9519 0.9554
00 271.460 270.513 0.9531 0.9566
00 271.460 270.359 0.9174 0.9218
00 271.460 270.542 0.8856 0.8888
00 271.460 270.497 0.9524 0.9559
00 271.460 270.521 0.9533 0.9568
00 271.460 270.368 0.9122 0.9165
00 271.460 270.490 0.8793 0.8825
00 271.460 270.509 0.9527 0.9563
00 271.460 270.525 0.9533 0.9568
00 271.460 270.414 0.9257 0.9297
00 271.460 270.454 0.8730 0.8762
00 271.460 270.520 0.9533 0.9568
00 271.460 270.527 0.9533 0.9567
00 271.474 270.507 0.9428 0.9465
00 271.460 270.457 0.8665 0.8697
00 271.460 270.540 0.9548 0.9581
00 271.460 270.529 0.9527 0.9561
00 271.782 270.812 0.9472 0.9508
00 271.460 270.456 0.8561 0.8592
00 271.460 270.549 0.9553 0.9585
00 271.488 270.559 0.9525 0.9559
00 271.916 270.934 0.9457 0.9494
00 271.460 270.453 0.8625 0.8656
00 271.460 270.559 0.9557 0.9588
00 271.752 270.822 0.9521 0.9553
00 272.064 271.011 0.9330 0.9373
00 271.460 270.503 0.8848 0.8880
00 271.460 270.557 0.9550 0.9582
00 271.704 270.786 0.9509 0.9540
00 272.092 271.004 0.9165 0.9211
00 271.460 270.593 0.8960 0.8987
00 271.460 270.389 0.9457 0.9501
00 271.588 270.568 0.9447 0.9491
00 271.730 270.636 0.9322 0.9372
00 271.460 270.429 0.9198 0.9235
00 271.460 270.423 0.9504 0.9545
00 271.490 270.469 0.9440 0.9478
00 271.521 270.385 0.9248 0.9297
00 271.460 270.383 0.8943 0.8983
00 271.460 270.409 0.9491 0.9533
00 271.460 270.438 0.9437 0.9476
00 271.460 270.294 0.9162 0.9214
00 271.460 270.475 0.8855 0.8887
00 271.460 270.392 0.9473 0.9517
00 271.460 270.447 0.9448 0.9485
00 271.460 270.307 0.9174 0.9225
00 271.460 270.515 0.8929 0.8962
00 271.460 270.429 0.9510 0.9550
00 271.460 270.481 0.9479 0.9514
00 271.460 270.294 0.9148 0.9200
00 271.460 270.527 0.8926 0.8958
00 271.460 270.452 0.9531 0.9569
00 271.460 270.516 0.9511 0.9547
00 271.460 270.316 0.9168 0.9217
00 271.460 270.513 0.8882 0.8914
00 271.460 270.451 0.9526 0.9564
00 271.460 270.519 0.9518 0.9553
00 271.460 270.343 0.9253 0.9300
00 271.460 270.502 0.8891 0.8923
00 271.460 270.462 0.9529 0.9566
00 271.460 270.505 0.9512 0.9548
00 271.460 270.318 0.9243 0.9293
00 271.460 270.493 0.8839 0.8871
00 271.460 270.480 0.9534 0.9569
00 271.460 270.483 0.9496 0.9532
00 271.460 270.350 0.9258 0.9304
00 271.460 270.484 0.8752 0.8783
00 271.460 270.493 0.9536 0.9571
00 271.460 270.465 0.9479 0.9515
00 271.460 270.402 0.9256 0.9297
00 271.460 270.508 0.8769 0.8801
00 271.460 270.500 0.9534 0.9569
00 271.460 270.462 0.9482 0.9519
00 271.460 270.397 0.9227 0.9268
00 271.460 270.527 0.8801 0.8833
00 271.460 270.513 0.9535 0.9571
00 271.460 270.458 0.9482 0.9519
00 271.460 270.365 0.9119 0.9163
00 271.460 270.508 0.8777 0.8809
00 271.460 270.527 0.9540 0.9575
00 271.460 270.456 0.9483 0.9520
00 271.460 270.398 0.9159 0.9199
00 271.460 270.469 0.8719 0.8750
00 271.460 270.537 0.9544 0.9578
00 271.460 270.444 0.9467 0.9505
00 271.460 270.487 0.9382 0.9417
00 271.460 270.450 0.8644 0.8675
00 271.460 270.549 0.9551 0.9583
00 271.475 270.454 0.9449 0.9487
00 271.463 270.513 0.9461 0.9496
00 271.460 270.457 0.8585 0.8616
00 271.460 270.554 0.9553 0.9585
00 271.595 270.581 0.9447 0.9489
00 271.886 270.889 0.9421 0.9460
00 271.460 270.478 0.8535 0.8565
00 271.463 270.558 0.9551 0.9583
00 271.832 270.849 0.9476 0.9514
00 272.019 270.943 0.9252 0.9297
00 271.469 270.518 0.8555 0.8586
00 271.488 270.579 0.9543 0.9575
00 272.296 271.338 0.9499 0.9531
00 272.181 271.093 0.9107 0.9152
00 271.766 270.788 0.8638 0.8674
00 271.731 270.724 0.9517 0.9558
00 271.823 270.791 0.9433 0.9476
00 271.890 270.889 0.9451 0.9490
00 271.618 270.768 0.9504 0.9529
00 271.501 270.432 0.9455 0.9499
00 271.567 270.544 0.9419 0.9463
00 271.691 270.669 0.9415 0.9457
00 271.460 270.420 0.9175 0.9213
00 271.460 270.429 0.9501 0.9541
00 271.503 270.471 0.9407 0.9446
00 271.518 270.475 0.9373 0.9413
00 271.460 270.390 0.8955 0.8993
00 271.460 270.406 0.9477 0.9519
00 271.460 270.413 0.9394 0.9434
00 271.460 270.361 0.9273 0.9319
00 271.460 270.470 0.8850 0.8882
00 271.460 270.403 0.9473 0.9515
00 271.460 270.406 0.9391 0.9433
00 271.460 270.340 0.9238 0.9286
00 271.460 270.490 0.8843 0.8875
00 271.460 270.410 0.9480 0.9522
00 271.460 270.411 0.9401 0.9442
00 271.460 270.303 0.9193 0.9244
00 271.460 270.531 0.8877 0.8909
00 271.460 270.449 0.9517 0.9555
00 271.460 270.441 0.9439 0.9477
00 271.460 270.296 0.9144 0.9195
00 271.460 270.526 0.8885 0.8917
00 271.460 270.476 0.9539 0.9574
00 271.460 270.475 0.9474 0.9509
00 271.460 270.349 0.9212 0.9258
00 271.460 270.488 0.8852 0.8884
00 271.460 270.487 0.9542 0.9577
00 271.460 270.504 0.9501 0.9537
00 271.460 270.385 0.9314 0.9357
00 271.460 270.447 0.8791 0.8823
00 271.460 270.500 0.9543 0.9578
00 271.460 270.510 0.9510 0.9546
00 271.460 270.329 0.9228 0.9276
00 271.460 270.445 0.8844 0.8876
00 271.460 270.513 0.9544 0.9579
00 271.460 270.503 0.9507 0.9543
00 271.460 270.366 0.9209 0.9253
00 271.460 270.456 0.8886 0.8919
00 271.460 270.522 0.9543 0.9578
00 271.460 270.493 0.9503 0.9538
00 271.460 270.416 0.9229 0.9267
00 271.460 270.464 0.8870 0.8902
00 271.460 270.530 0.9542 0.9576
00 271.460 270.485 0.9501 0.9536
00 271.460 270.390 0.9159 0.9200
00 271.460 270.465 0.8828 0.8860
00 271.460 270.540 0.9542 0.9575
00 271.460 270.479 0.9498 0.9533
00 271.460 270.389 0.9100 0.9141
00 271.460 270.450 0.8776 0.8808
00 271.460 270.552 0.9545 0.9577
00 271.460 270.480 0.9497 0.9532
00 271.460 270.444 0.9236 0.9272
00 271.460 270.440 0.8745 0.8777
00 271.460 270.558 0.9544 0.9575
00 271.531 270.531 0.9470 0.9511
00 271.614 270.659 0.9429 0.9465
00 271.460 270.435 0.8669 0.8701
00 271.467 270.566 0.9542 0.9573
00 271.834 270.751 0.9357 0.9405
00 272.097 271.076 0.9378 0.9418
00 271.463 270.458 0.8611 0.8642
00 271.512 270.625 0.9553 0.9582
00 272.058 270.960 0.9325 0.9373
00 272.183 271.100 0.9233 0.9278
00 271.516 270.537 0.8548 0.8584
00 271.847 270.940 0.9537 0.9566
00 272.395 271.366 0.9412 0.9450
00 272.271 271.159 0.9007 0.9052
00 271.460 270.528 0.8489 0.8520
00 271.460 270.518 0.9548 0.9583
00 271.460 270.399 0.9364 0.9406
00 271.460 270.468 0.9460 0.9496
00 271.462 270.499 0.9541 0.9577
00 271.460 270.416 0.9354 0.9394
00 271.461 270.492 0.9465 0.9500
00 271.461 270.610 0.9490 0.9516
00 271.462 270.480 0.9535 0.9570
00 271.460 270.419 0.9352 0.9391
00 271.460 270.469 0.9447 0.9483
00 271.461 270.435 0.9211 0.9248
00 271.460 270.479 0.9542 0.9577
00 271.460 270.433 0.9370 0.9408
00 271.460 270.448 0.9423 0.9460
00 271.460 270.401 0.8979 0.9017
00 271.460 270.467 0.9527 0.9564
00 271.460 270.409 0.9352 0.9393
00 271.460 270.419 0.9375 0.9415
00 271.460 270.477 0.9001 0.9033
00 271.460 270.448 0.9505 0.9543
00 271.460 270.355 0.9301 0.9347
00 271.460 270.349 0.9269 0.9315
00 271.460 270.464 0.8869 0.8901
00 271.460 270.428 0.9486 0.9526
00 271.460 270.330 0.9281 0.9330
00 271.460 270.300 0.9202 0.9253
00 271.460 270.507 0.8861 0.8893
00 271.460 270.434 0.9487 0.9527
00 271.460 270.356 0.9327 0.9373
00 271.460 270.284 0.9147 0.9200
00 271.460 270.525 0.8873 0.8905
00 271.460 270.453 0.9496 0.9533
00 271.460 270.396 0.9385 0.9428
00 271.460 270.308 0.9126 0.9176
00 271.460 270.481 0.8869 0.8901
00 271.460 270.482 0.9517 0.9552
00 271.460 270.432 0.9431 0.9470
00 271.460 270.386 0.9255 0.9297
00 271.460 270.429 0.8858 0.8891
00 271.460 270.500 0.9526 0.9561
00 271.460 270.465 0.9464 0.9500
00 271.460 270.407 0.9326 0.9367
00 271.460 270.408 0.8917 0.8954
00 271.460 270.514 0.9528 0.9564
00 271.460 270.492 0.9493 0.9528
00 271.460 270.366 0.9227 0.9271
00 271.460 270.428 0.8973 0.9008
00 271.460 270.532 0.9535 0.9569
00 271.460 270.508 0.9509 0.9544
00 271.460 270.411 0.9212 0.9252
00 271.460 270.510 0.9104 0.9137
00 271.460 270.553 0.9545 0.9577
00 271.460 270.514 0.9515 0.9550
00 271.460 270.426 0.9196 0.9233
00 271.460 270.530 0.9071 0.9104
00 271.460 270.570 0.9555 0.9585
00 271.460 270.512 0.9516 0.9551
00 271.460 270.388 0.9089 0.9129
00 271.460 270.519 0.8986 0.9018
00 271.460 270.579 0.9557 0.9586
00 271.460 270.509 0.9512 0.9547
00 271.460 270.403 0.9063 0.9101
00 271.460 270.478 0.8890 0.8923
00 271.460 270.571 0.9543 0.9573
00 271.464 270.510 0.9506 0.9541
00 271.486 270.492 0.9238 0.9275
00 271.591 270.563 0.8767 0.8810
00 271.491 270.587 0.9528 0.9559
00 271.608 270.641 0.9480 0.9518
00 271.938 270.882 0.9245 0.9289
00 272.220 271.116 0.8687 0.8730
00 271.568 270.661 0.9519 0.9550
00 271.823 270.817 0.9407 0.9447
00 272.061 270.918 0.9034 0.9085
00 272.403 271.283 0.8638 0.8679
00 271.714 270.803 0.9510 0.9541
00 272.095 271.044 0.9342 0.9385
00 272.023 270.907 0.8877 0.8925
00 272.485 271.377 0.8583 0.8621
00 271.460 270.507 0.9524 0.9559
00 271.460 270.387 0.9334 0.9377
00 271.460 270.508 0.9520 0.9556
00 271.460 270.557 0.9488 0.9519
00 271.460 270.511 0.9533 0.9568
00 271.460 270.370 0.9259 0.9304
00 271.460 270.513 0.9492 0.9527
00 271.460 270.587 0.9492 0.9520
00 271.460 270.510 0.9547 0.9582
00 271.460 270.429 0.9302 0.9340
00 271.460 270.506 0.9484 0.9519
00 271.460 270.608 0.9484 0.9510
00 271.460 270.512 0.9559 0.9595
00 271.460 270.455 0.9352 0.9388
00 271.460 270.474 0.9457 0.9492
00 271.460 270.472 0.9292 0.9326
00 271.460 270.503 0.9554 0.9589
00 271.460 270.446 0.9355 0.9391
00 271.460 270.455 0.9439 0.9476
00 271.460 270.405 0.8962 0.8999
00 271.460 270.497 0.9546 0.9582
00 271.460 270.427 0.9333 0.9372
00 271.460 270.429 0.9399 0.9438
00 271.460 270.462 0.9058 0.9091
00 271.460 270.489 0.9538 0.9573
00 271.460 270.392 0.9306 0.9348
00 271.460 270.336 0.9264 0.9312
00 271.460 270.468 0.9039 0.9072
00 271.460 270.462 0.9504 0.9540
00 271.460 270.338 0.9254 0.9302
00 271.460 270.278 0.9176 0.9229
00 271.460 270.467 0.8863 0.8895
00 271.460 270.464 0.9500 0.9537
00 271.460 270.296 0.9210 0.9262
00 271.460 270.287 0.9151 0.9203
00 271.460 270.509 0.8898 0.8931
00 271.460 270.493 0.9523 0.9558
00 271.460 270.318 0.9258 0.9308
00 271.460 270.304 0.9120 0.9170
00 271.460 270.483 0.8875 0.8908
00 271.460 270.518 0.9534 0.9570
00 271.460 270.363 0.9328 0.9374
00 271.460 270.338 0.9127 0.9174
00 271.460 270.400 0.8829 0.8866
00 271.460 270.545 0.9549 0.9582
00 271.460 270.394 0.9376 0.9419
00 271.460 270.485 0.9406 0.9440
00 271.460 270.373 0.8911 0.8952
00 271.460 270.571 0.9564 0.9593
00 271.460 270.422 0.9418 0.9458
00 271.460 270.440 0.9340 0.9378
00 271.464 270.449 0.9042 0.9076
00 271.460 270.583 0.9568 0.9597
00 271.460 270.453 0.9451 0.9488
00 271.460 270.410 0.9232 0.9272
00 271.470 270.510 0.9071 0.9105
00 271.460 270.585 0.9563 0.9592
00 271.460 270.483 0.9480 0.9515
00 271.460 270.426 0.9172 0.9209
00 271.462 270.522 0.9004 0.9037
00 271.460 270.574 0.9544 0.9573
00 271.460 270.498 0.9493 0.9528
00 271.460 270.428 0.9116 0.9153
00 271.464 270.550 0.8963 0.8995
00 271.460 270.552 0.9519 0.9551
00 271.460 270.501 0.9496 0.9531
00 271.461 270.419 0.9049 0.9086
00 271.490 270.565 0.8895 0.8929
00 271.460 270.528 0.9477 0.9512
00 271.490 270.527 0.9488 0.9525
00 271.472 270.443 0.9021 0.9056
00 271.763 270.796 0.8872 0.8907
00 271.756 270.810 0.9469 0.9503
00 271.863 270.891 0.9485 0.9522
00 271.825 270.758 0.8956 0.9002
00 271.962 270.949 0.8832 0.8869
00 272.034 271.089 0.9482 0.9514
00 271.912 270.946 0.9471 0.9506
00 271.830 270.750 0.8887 0.8934
00 272.062 271.013 0.8766 0.8806
00 271.948 271.007 0.9480 0.9513
00 271.916 270.941 0.9424 0.9461
00 271.877 270.799 0.8801 0.8846
00 272.141 271.070 0.8698 0.8739
00 271.460 270.521 0.9546 0.9581
00 271.460 270.446 0.9233 0.9268
00 271.460 270.527 0.9507 0.9541
00 271.460 270.583 0.9489 0.9517
00 271.460 270.518 0.9552 0.9587
00 271.460 270.489 0.9314 0.9349
00 271.460 270.519 0.9500 0.9535
00 271.460 270.607 0.9483 0.9509
00 271.460 270.518 0.9556 0.9591
00 271.460 270.488 0.9354 0.9389
00 271.460 270.480 0.9467 0.9502
00 271.460 270.470 0.9274 0.9308
00 271.460 270.515 0.9553 0.9588
00 271.460 270.440 0.9317 0.9354
00 271.460 270.463 0.9450 0.9486
00 271.460 270.413 0.8939 0.8975
00 271.460 270.521 0.9554 0.9589
00 271.460 270.402 0.9276 0.9317
00 271.460 270.440 0.9417 0.9456
00 271.460 270.438 0.9021 0.9055
00 271.460 270.525 0.9552 0.9586
00 271.460 270.382 0.9256 0.9299
00 271.460 270.327 0.9250 0.9299
00 271.460 270.454 0.9101 0.9134
00 271.460 270.532 0.9554 0.9588
00 271.460 270.359 0.9237 0.9282
00 271.460 270.274 0.9161 0.9215
00 271.460 270.455 0.9010 0.9042
00 271.460 270.552 0.9566 0.9598
00 271.460 270.323 0.9202 0.9251
00 271.460 270.285 0.9133 0.9185
00 271.460 270.469 0.8883 0.8915
00 271.460 270.566 0.9571 0.9601
00 271.460 270.314 0.9205 0.9255
00 271.460 270.301 0.9108 0.9158
00 271.460 270.462 0.8856 0.8888
00 271.460 270.574 0.9571 0.9600
00 271.460 270.320 0.9228 0.9278
00 271.460 270.322 0.9081 0.9128
00 271.460 270.390 0.8874 0.8912
00 271.460 270.578 0.9567 0.9596
00 271.460 270.344 0.9272 0.9319
00 271.460 270.360 0.9137 0.9181
00 271.460 270.370 0.8963 0.9004
00 271.460 270.573 0.9554 0.9583
00 271.460 270.368 0.9315 0.9360
00 271.460 270.510 0.9416 0.9451
00 271.460 270.431 0.9064 0.9100
00 271.460 270.556 0.9525 0.9556
00 271.460 270.394 0.9357 0.9400
00 271.460 270.496 0.9389 0.9423
00 271.460 270.460 0.9045 0.9078
00 271.460 270.531 0.9486 0.9520
00 271.460 270.414 0.9389 0.9430
00 271.460 270.467 0.9277 0.9311
00 271.468 270.482 0.8979 0.9012
00 271.460 270.529 0.9482 0.9516
00 271.460 270.423 0.9399 0.9439
00 271.460 270.461 0.9176 0.9209
00 271.466 270.512 0.8957 0.8991
00 271.460 270.540 0.9489 0.9523
00 271.466 270.426 0.9370 0.9410
00 271.503 270.508 0.9138 0.9176
00 271.584 270.635 0.8939 0.8974
00 271.460 270.550 0.9502 0.9534
00 271.555 270.491 0.9322 0.9366
00 271.609 270.599 0.9088 0.9129
00 272.021 271.027 0.8924 0.8959
00 271.772 270.841 0.9487 0.9520
00 271.993 270.882 0.9284 0.9334
00 271.910 270.859 0.8967 0.9010
00 271.971 270.992 0.8916 0.8949
00 272.151 271.175 0.9448 0.9483
00 272.198 271.105 0.9313 0.9359
00 271.924 270.866 0.8855 0.8898
00 272.177 271.191 0.8895 0.8926
00 272.430 271.391 0.9372 0.9411
00 272.419 271.348 0.9319 0.9361
00 272.071 271.009 0.8810 0.8851
00 272.284 271.292 0.8873 0.8904
00 271.460 270.501 0.9525 0.9560
00 271.460 270.390 0.9249 0.9291
00 271.460 270.530 0.9538 0.9572
00 271.460 270.553 0.9491 0.9523
00 271.460 270.525 0.9551 0.9586
00 271.460 270.486 0.9177 0.9210
00 271.460 270.541 0.9519 0.9552
00 271.460 270.570 0.9475 0.9505
00 271.460 270.521 0.9549 0.9584
00 271.460 270.495 0.9268 0.9302
00 271.488 270.562 0.9518 0.9552
00 271.460 270.594 0.9458 0.9486
00 271.460 270.530 0.9554 0.9588
00 271.460 270.454 0.9246 0.9281
00 271.723 270.757 0.9490 0.9526
00 271.466 270.436 0.9152 0.9189
00 271.460 270.526 0.9549 0.9584
00 271.460 270.394 0.9125 0.9165
00 271.466 270.498 0.9478 0.9514
00 271.460 270.399 0.8958 0.8996
00 271.460 270.545 0.9562 0.9594
00 271.460 270.355 0.9065 0.9109
00 271.460 270.464 0.9441 0.9477
00 271.460 270.418 0.8942 0.8977
00 271.460 270.551 0.9566 0.9598
00 271.460 270.334 0.9080 0.9126
00 271.460 270.350 0.9264 0.9311
00 271.460 270.421 0.8995 0.9031
00 271.460 270.555 0.9565 0.9597
00 271.460 270.335 0.9123 0.9170
00 271.460 270.284 0.9153 0.9206
00 271.460 270.450 0.9118 0.9152
00 271.460 270.560 0.9565 0.9596
00 271.460 270.345 0.9168 0.9214
00 271.460 270.289 0.9120 0.9172
00 271.460 270.448 0.9017 0.9050
00 271.460 270.556 0.9554 0.9585
00 271.460 270.356 0.9211 0.9257
00 271.460 270.300 0.9099 0.9150
00 271.460 270.415 0.8913 0.8948
00 271.460 270.552 0.9538 0.9570
00 271.460 270.347 0.9223 0.9269
00 271.460 270.340 0.9128 0.9175
00 271.460 270.394 0.8972 0.9011
00 271.460 270.540 0.9508 0.9541
00 271.460 270.343 0.9233 0.9280
00 271.460 270.360 0.9132 0.9176
00 271.460 270.377 0.9033 0.9074
00 271.460 270.514 0.9454 0.9489
00 271.460 270.348 0.9247 0.9294
00 271.460 270.374 0.9149 0.9192
00 271.460 270.413 0.9092 0.9130
00 271.460 270.521 0.9460 0.9495
00 271.460 270.343 0.9249 0.9296
00 271.460 270.521 0.9404 0.9439
00 271.460 270.457 0.9124 0.9157
00 271.460 270.531 0.9487 0.9521
00 271.460 270.350 0.9263 0.9310
00 271.460 270.546 0.9421 0.9453
00 271.460 270.466 0.9074 0.9107
00 271.460 270.528 0.9495 0.9529
00 271.460 270.351 0.9258 0.9305
00 271.460 270.545 0.9386 0.9418
00 271.487 270.514 0.9044 0.9080
00 271.460 270.516 0.9481 0.9516
00 271.461 270.344 0.9236 0.9283
00 271.468 270.527 0.9275 0.9310
00 271.656 270.736 0.9096 0.9127
00 271.460 270.482 0.9433 0.9468
00 271.553 270.430 0.9190 0.9237
00 271.699 270.755 0.9260 0.9294
00 271.861 270.992 0.9200 0.9224
00 271.756 270.663 0.9267 0.9317
00 271.790 270.665 0.9160 0.9212
00 271.971 270.994 0.9204 0.9239
00 271.862 271.039 0.9301 0.9321
00 272.055 270.888 0.9138 0.9192
00 272.017 270.899 0.9175 0.9225
00 272.149 271.124 0.9043 0.9080
00 272.137 271.320 0.9311 0.9328
00 272.374 271.176 0.9061 0.9115
00 272.298 271.177 0.9182 0.9229
00 272.326 271.270 0.8913 0.8951
00 272.451 271.628 0.9297 0.9319
00 271.460 270.493 0.9515 0.9551
00 271.460 270.384 0.9217 0.9260
00 271.460 270.540 0.9550 0.9583
00 271.460 270.528 0.9467 0.9502
00 271.460 270.507 0.9530 0.9565
00 271.460 270.462 0.9144 0.9178
00 271.460 270.525 0.9514 0.9549
00 271.461 270.388 0.9133 0.9174
00 271.460 270.500 0.9509 0.9544
00 271.460 270.419 0.8996 0.9032
00 271.460 270.460 0.9410 0.9446
00 271.460 270.430 0.8978 0.9013
00 271.460 270.529 0.9522 0.9556
00 271.460 270.351 0.8966 0.9009
00 271.460 270.300 0.9164 0.9215
00 271.460 270.399 0.8975 0.9013
00 271.460 270.523 0.9505 0.9540
00 271.460 270.324 0.9020 0.9066
00 271.460 270.289 0.9102 0.9153
00 271.460 270.439 0.9105 0.9140
00 271.460 270.509 0.9467 0.9502
00 271.460 270.328 0.9083 0.9130
00 271.460 270.309 0.9082 0.9131
00 271.460 270.439 0.9062 0.9097
00 271.460 270.494 0.9422 0.9457
00 271.460 270.349 0.9147 0.9192
00 271.460 270.340 0.9130 0.9176
00 271.460 270.419 0.9022 0.9059
00 271.460 270.504 0.9432 0.9467
00 271.460 270.363 0.9196 0.9240
00 271.460 270.321 0.9115 0.9163
00 271.460 270.410 0.9045 0.9083
00 271.460 270.512 0.9462 0.9497
00 271.460 270.363 0.9221 0.9266
00 271.460 270.339 0.9115 0.9161
00 271.460 270.403 0.9075 0.9113
00 271.460 270.483 0.9448 0.9483
00 271.460 270.360 0.9235 0.9280
00 271.460 270.383 0.9146 0.9188
00 271.460 270.444 0.9137 0.9172
00 271.460 270.443 0.9409 0.9447
00 271.460 270.348 0.9223 0.9269
00 271.460 270.504 0.9312 0.9346
00 271.460 270.483 0.9176 0.9209
00 271.460 270.362 0.9288 0.9333
00 271.460 270.348 0.9211 0.9257
00 271.464 270.588 0.9417 0.9445
00 271.504 270.538 0.9134 0.9172
00 271.467 270.298 0.9144 0.9196
00 271.496 270.371 0.9194 0.9241
00 271.560 270.694 0.9426 0.9453
00 271.944 270.986 0.9159 0.9192
00 271.744 270.537 0.9057 0.9118
00 271.860 270.706 0.9165 0.9220
00 272.136 271.229 0.9374 0.9401
00 272.051 271.152 0.9243 0.9269
00 272.076 270.842 0.8974 0.9035
00 272.373 271.181 0.9098 0.9152
00 272.359 271.428 0.9337 0.9364
00 272.171 271.322 0.9310 0.9330
00 272.564 271.283 0.8873 0.8931
00 272.628 271.425 0.9054 0.9105
00 272.778 271.801 0.9263 0.9299
00 272.579 271.724 0.9302 0.9326
00 273.016 271.696 0.8764 0.8832
00 272.854 271.663 0.9081 0.9139
00 272.941 271.937 0.9194 0.9231
00 273.121 272.247 0.9302 0.9324
00 271.460 270.452 0.9397 0.9434
00 271.460 270.431 0.8885 0.8919
00 271.460 270.325 0.9192 0.9241
00 271.460 270.397 0.8944 0.8982
00 271.460 270.439 0.9373 0.9411
00 271.460 270.381 0.8905 0.8945
00 271.460 270.296 0.9099 0.9150
00 271.460 270.402 0.8993 0.9031
00 271.460 270.449 0.9387 0.9424
00 271.460 270.346 0.8930 0.8973
00 271.460 270.301 0.9038 0.9087
00 271.460 270.427 0.9080 0.9117
00 271.460 270.445 0.9399 0.9437
00 271.460 270.339 0.8978 0.9023
00 271.460 270.346 0.9082 0.9127
00 271.460 270.442 0.9087 0.9122
00 271.460 270.422 0.9385 0.9424
00 271.460 270.340 0.9032 0.9077
00 271.460 270.369 0.9126 0.9169
00 271.460 270.445 0.9031 0.9064
00 271.460 270.393 0.9352 0.9394
00 271.460 270.340 0.9078 0.9124
00 271.460 270.335 0.9072 0.9118
00 271.460 270.426 0.8980 0.9015
00 271.460 270.332 0.9249 0.9298
00 271.460 270.341 0.9120 0.9166
00 271.460 270.365 0.9123 0.9166
00 271.460 270.422 0.9014 0.9050
00 271.460 270.272 0.9121 0.9174
00 271.460 270.334 0.9141 0.9188
00 271.460 270.411 0.9168 0.9207
00 271.461 270.433 0.9044 0.9079
00 271.460 270.253 0.9017 0.9071
00 271.460 270.331 0.9140 0.9188
00 271.476 270.516 0.9262 0.9297
00 271.507 270.530 0.9171 0.9209
00 271.605 270.378 0.8898 0.8952
00 271.536 270.411 0.9129 0.9175
00 271.711 270.818 0.9365 0.9393
00 271.871 270.936 0.9259 0.9291
00 272.225 270.947 0.8760 0.8822
00 272.165 270.991 0.9106 0.9160
00 271.925 271.062 0.9402 0.9426
00 272.229 271.300 0.9241 0.9268
00 272.433 271.175 0.8642 0.8698
00 272.514 271.322 0.9084 0.9135
00 272.637 271.750 0.9392 0.9419
00 272.861 271.922 0.9263 0.9294
00 272.640 271.421 0.8456 0.8502
00 273.027 271.802 0.9025 0.9084
00 273.166 272.245 0.9355 0.9382
00 273.263 272.337 0.9308 0.9334
00 272.942 271.810 0.8223 0.8270
00 273.250 272.025 0.9026 0.9082
00 273.193 272.266 0.9318 0.9345
00 273.236 272.335 0.9315 0.9339
00 273.236 272.335 0.9315 0.9339
