00 271.969 270.789 0.9226 0.9283
00 271.494 270.612 0.9471 0.9500
00 271.461 270.590 0.9164 0.9192
00 271.460 270.609 0.9639 0.9665
00 271.749 270.521 0.9111 0.9173
00 271.462 270.538 0.9372 0.9405
00 271.460 270.587 0.9058 0.9086
00 271.461 270.594 0.9616 0.9644
00 271.537 270.284 0.9004 0.9063
00 271.460 270.483 0.9245 0.9279
00 271.460 270.579 0.8965 0.8994
00 271.461 270.587 0.9600 0.9628
00 271.480 270.234 0.8916 0.8973
00 271.460 270.484 0.9278 0.9312
00 271.460 270.563 0.8904 0.8935
00 271.461 270.590 0.9590 0.9618
00 271.460 270.235 0.8825 0.8880
00 271.460 270.495 0.9268 0.9302
00 271.460 270.557 0.8860 0.8892
00 271.461 270.600 0.9586 0.9613
00 271.460 270.261 0.8724 0.8775
00 271.460 270.514 0.9286 0.9320
00 271.460 270.555 0.8831 0.8862
00 271.461 270.605 0.9571 0.9597
00 271.513 270.327 0.8619 0.8666
00 271.460 270.523 0.9352 0.9387
00 271.460 270.552 0.8814 0.8846
00 271.461 270.596 0.9526 0.9553
00 271.784 270.582 0.8512 0.8571
00 271.461 270.511 0.9351 0.9385
00 271.460 270.549 0.8825 0.8857
00 271.461 270.574 0.9472 0.9502
00 271.917 270.716 0.8409 0.8466
00 271.463 270.450 0.9241 0.9277
00 271.460 270.554 0.8870 0.8902
00 271.461 270.545 0.9378 0.9411
00 271.706 270.556 0.8342 0.8394
00 271.464 270.389 0.9051 0.9091
00 271.462 270.577 0.8945 0.8975
00 271.461 270.511 0.9304 0.9338
00 271.698 270.571 0.8281 0.8331
00 271.570 270.503 0.8867 0.8910
00 271.475 270.602 0.8983 0.9011
00 271.461 270.504 0.9355 0.9389
00 271.936 270.791 0.8227 0.8276
00 272.045 270.995 0.8699 0.8739
00 271.919 271.010 0.8982 0.9009
00 271.769 270.726 0.9256 0.9300
00 272.204 271.040 0.8191 0.8237
00 272.183 271.144 0.8600 0.8635
00 272.161 271.232 0.8965 0.8991
00 271.951 270.823 0.9086 0.9137
00 272.616 271.400 0.8128 0.8171
00 272.559 271.549 0.8770 0.8810
00 272.287 271.365 0.8984 0.9008
00 272.256 271.092 0.8959 0.9010
00 272.813 271.584 0.8088 0.8146
00 272.630 271.674 0.8975 0.9010
00 272.420 271.511 0.9020 0.9048
00 272.529 271.367 0.8847 0.8893
00 272.980 271.755 0.8090 0.8146
00 272.688 271.747 0.9080 0.9112
00 272.734 271.821 0.9054 0.9083
00 272.933 271.786 0.8820 0.8871
00 273.334 272.074 0.8084 0.8135
00 273.691 272.666 0.9109 0.9149
00 273.392 272.464 0.9150 0.9175
00 273.404 272.254 0.8855 0.8900
00 273.933 272.598 0.8106 0.8173
00 274.152 273.062 0.9066 0.9108
00 273.968 273.044 0.9288 0.9316
00 273.566 272.427 0.8897 0.8940
00 271.731 270.707 0.9393 0.9436
00 271.463 270.599 0.9470 0.9497
00 271.461 270.538 0.9151 0.9184
00 271.461 270.604 0.9640 0.9667
00 271.577 270.511 0.9297 0.9343
00 271.460 270.576 0.9434 0.9464
00 271.460 270.532 0.9035 0.9068
00 271.461 270.609 0.9637 0.9663
00 271.501 270.403 0.9222 0.9267
00 271.460 270.480 0.9225 0.9259
00 271.460 270.523 0.8949 0.8981
00 271.461 270.606 0.9624 0.9650
00 271.460 270.346 0.9162 0.9208
00 271.460 270.475 0.9213 0.9246
00 271.460 270.525 0.8902 0.8935
00 271.461 270.586 0.9589 0.9618
00 271.464 270.338 0.9081 0.9127
00 271.460 270.474 0.9190 0.9224
00 271.460 270.531 0.8860 0.8892
00 271.461 270.579 0.9562 0.9591
00 271.518 270.387 0.8991 0.9036
00 271.460 270.523 0.9275 0.9309
00 271.460 270.536 0.8816 0.8848
00 271.461 270.586 0.9540 0.9569
00 271.614 270.496 0.8923 0.8971
00 271.460 270.536 0.9340 0.9374
00 271.460 270.535 0.8770 0.8802
00 271.461 270.563 0.9479 0.9510
00 271.486 270.401 0.8869 0.8908
00 271.460 270.516 0.9347 0.9381
00 271.460 270.534 0.8724 0.8756
00 271.461 270.513 0.9340 0.9375
00 271.652 270.574 0.8833 0.8881
00 271.462 270.425 0.9170 0.9208
00 271.460 270.530 0.8698 0.8730
00 271.461 270.530 0.9380 0.9415
00 272.031 270.930 0.8799 0.8845
00 271.469 270.400 0.8988 0.9027
00 271.464 270.533 0.8719 0.8751
00 271.461 270.490 0.9389 0.9424
00 271.896 270.830 0.8790 0.8833
00 271.568 270.532 0.8806 0.8848
00 271.479 270.541 0.8737 0.8771
00 271.460 270.377 0.9152 0.9195
00 271.958 270.904 0.8783 0.8824
00 271.991 270.960 0.8709 0.8748
00 271.574 270.633 0.8770 0.8805
00 271.669 270.559 0.8946 0.8997
00 272.073 271.020 0.8774 0.8814
00 272.004 270.994 0.8616 0.8651
00 272.090 271.107 0.8819 0.8851
00 271.923 270.865 0.8655 0.8697
00 272.602 271.511 0.8784 0.8828
00 272.249 271.240 0.8642 0.8673
00 272.094 271.132 0.8862 0.8892
00 271.926 270.958 0.8781 0.8814
00 272.725 271.650 0.8799 0.8845
00 272.619 271.652 0.8885 0.8920
00 272.756 271.761 0.8878 0.8915
00 272.811 271.790 0.8886 0.8925
00 273.003 271.943 0.8831 0.8871
00 273.371 272.374 0.9023 0.9054
00 273.558 272.514 0.8889 0.8928
00 273.566 272.478 0.8888 0.8929
00 273.775 272.673 0.8853 0.8900
00 273.867 272.834 0.9060 0.9100
00 273.824 272.798 0.8965 0.9004
00 273.749 272.639 0.8894 0.8942
00 274.101 273.003 0.8870 0.8913
00 274.307 273.232 0.9021 0.9059
00 273.861 272.885 0.9111 0.9145
00 273.742 272.611 0.8906 0.8956
00 271.843 270.869 0.9439 0.9476
00 271.462 270.599 0.9440 0.9468
00 271.460 270.510 0.9156 0.9190
00 271.461 270.608 0.9653 0.9679
00 271.698 270.718 0.9412 0.9450
00 271.460 270.600 0.9447 0.9474
00 271.460 270.511 0.9073 0.9106
00 271.461 270.602 0.9639 0.9665
00 271.471 270.478 0.9358 0.9394
00 271.460 270.536 0.9310 0.9344
00 271.460 270.519 0.8978 0.9011
00 271.461 270.600 0.9627 0.9654
00 271.460 270.452 0.9309 0.9345
00 271.460 270.490 0.9204 0.9238
00 271.460 270.533 0.8917 0.8950
00 271.461 270.582 0.9594 0.9622
00 271.460 270.455 0.9284 0.9320
00 271.460 270.492 0.9182 0.9215
00 271.460 270.544 0.8875 0.8907
00 271.461 270.542 0.9522 0.9555
00 271.561 270.566 0.9275 0.9316
00 271.460 270.530 0.9258 0.9292
00 271.460 270.553 0.8840 0.8872
00 271.461 270.515 0.9433 0.9468
00 271.614 270.612 0.9216 0.9257
00 271.461 270.557 0.9351 0.9383
00 271.460 270.553 0.8802 0.8834
00 271.461 270.456 0.9287 0.9322
00 271.629 270.614 0.9125 0.9167
00 271.463 270.532 0.9351 0.9386
00 271.460 270.556 0.8760 0.8791
00 271.461 270.497 0.9357 0.9392
00 271.689 270.677 0.9070 0.9112
00 271.464 270.425 0.9137 0.9175
00 271.462 270.557 0.8715 0.8747
00 271.461 270.481 0.9400 0.9435
00 271.783 270.774 0.9037 0.9077
00 271.469 270.411 0.8952 0.8989
00 271.466 270.562 0.8672 0.8704
00 271.461 270.350 0.9132 0.9177
00 272.391 271.341 0.9016 0.9053
00 271.559 270.531 0.8800 0.8841
00 271.487 270.585 0.8673 0.8704
00 271.461 270.371 0.8923 0.8964
00 272.059 271.059 0.9032 0.9067
00 271.911 270.885 0.8700 0.8739
00 271.698 270.779 0.8693 0.8723
00 271.596 270.562 0.8618 0.8662
00 272.172 271.190 0.9058 0.9091
00 272.242 271.204 0.8610 0.8645
00 272.211 271.238 0.8721 0.8750
00 271.986 270.947 0.8646 0.8685
00 272.383 271.406 0.9075 0.9105
00 272.432 271.394 0.8550 0.8581
00 272.306 271.323 0.8748 0.8776
00 272.176 271.120 0.8648 0.8686
00 272.807 271.822 0.9111 0.9147
00 272.885 271.829 0.8662 0.8703
00 272.774 271.750 0.8784 0.8824
00 272.348 271.272 0.8639 0.8676
00 273.148 272.149 0.9119 0.9154
00 273.381 272.343 0.8851 0.8884
00 273.391 272.325 0.8808 0.8844
00 272.820 271.689 0.8668 0.8718
00 273.611 272.600 0.9150 0.9190
00 273.672 272.649 0.8921 0.8961
00 273.466 272.423 0.8823 0.8855
00 273.552 272.362 0.8723 0.8769
00 274.243 273.207 0.9169 0.9205
00 274.223 273.168 0.8908 0.8945
00 273.627 272.612 0.8944 0.8984
00 273.681 272.499 0.8762 0.8812
00 271.601 270.658 0.9457 0.9492
00 271.462 270.557 0.9365 0.9396
00 271.460 270.530 0.9162 0.9195
00 271.461 270.586 0.9638 0.9666
00 271.505 270.570 0.9446 0.9481
00 271.460 270.602 0.9419 0.9445
00 271.460 270.554 0.9103 0.9135
00 271.461 270.568 0.9614 0.9644
00 271.462 270.530 0.9437 0.9472
00 271.460 270.590 0.9401 0.9429
00 271.460 270.575 0.9045 0.9074
00 271.461 270.572 0.9607 0.9636
00 271.460 270.505 0.9383 0.9417
00 271.460 270.516 0.9224 0.9257
00 271.460 270.588 0.8973 0.9001
00 271.461 270.540 0.9557 0.9590
00 271.460 270.512 0.9364 0.9398
00 271.460 270.510 0.9186 0.9220
00 271.460 270.598 0.8932 0.8960
00 271.461 270.411 0.9333 0.9373
00 271.474 270.545 0.9367 0.9401
00 271.460 270.525 0.9213 0.9247
00 271.460 270.611 0.8896 0.8922
00 271.461 270.428 0.9275 0.9313
00 271.520 270.597 0.9359 0.9392
00 271.461 270.568 0.9339 0.9370
00 271.460 270.618 0.8855 0.8880
00 271.461 270.465 0.9329 0.9363
00 271.573 270.655 0.9346 0.9379
00 271.462 270.540 0.9343 0.9376
00 271.460 270.626 0.8826 0.8850
00 271.461 270.487 0.9420 0.9454
00 271.689 270.780 0.9344 0.9375
00 271.468 270.419 0.9083 0.9121
00 271.461 270.623 0.8800 0.8825
00 271.461 270.345 0.9181 0.9228
00 271.649 270.750 0.9329 0.9359
00 271.485 270.431 0.8932 0.8969
00 271.464 270.620 0.8770 0.8795
00 271.461 270.341 0.8994 0.9039
00 271.706 270.809 0.9301 0.9331
00 271.550 270.530 0.8801 0.8841
00 271.487 270.635 0.8738 0.8764
00 271.461 270.393 0.8787 0.8824
00 272.275 271.360 0.9303 0.9330
00 271.922 270.906 0.8723 0.8761
00 271.820 270.919 0.8689 0.8715
00 271.506 270.474 0.8783 0.8820
00 272.481 271.566 0.9301 0.9332
00 272.354 271.322 0.8637 0.8670
00 272.180 271.231 0.8655 0.8681
00 271.954 270.871 0.8778 0.8823
00 272.635 271.723 0.9298 0.9328
00 272.758 271.710 0.8578 0.8620
00 272.404 271.428 0.8671 0.8697
00 272.275 271.164 0.8788 0.8832
00 272.790 271.882 0.9311 0.9339
00 272.823 271.802 0.8588 0.8626
00 272.597 271.603 0.8714 0.8753
00 272.473 271.359 0.8813 0.8854
00 273.142 272.231 0.9324 0.9350
00 273.071 272.074 0.8660 0.8692
00 273.062 272.017 0.8743 0.8781
00 273.011 271.891 0.8859 0.8906
00 274.121 273.172 0.9338 0.9368
00 273.995 272.958 0.8764 0.8801
00 274.255 273.089 0.8749 0.8797
00 273.802 272.641 0.8884 0.8937
00 273.925 272.994 0.9343 0.9372
00 274.490 273.414 0.8774 0.8808
00 274.002 272.902 0.8838 0.8882
00 273.856 272.708 0.8891 0.8942
00 271.515 270.654 0.9568 0.9595
00 271.470 270.408 0.9036 0.9074
00 271.462 270.537 0.9211 0.9245
00 271.461 270.588 0.9642 0.9670
00 271.466 270.596 0.9534 0.9562
00 271.460 270.421 0.9107 0.9144
00 271.460 270.550 0.9135 0.9167
00 271.461 270.543 0.9599 0.9632
00 271.462 270.568 0.9483 0.9514
00 271.460 270.569 0.9329 0.9359
00 271.460 270.579 0.9094 0.9123
00 271.461 270.536 0.9582 0.9616
00 271.460 270.558 0.9459 0.9490
00 271.460 270.598 0.9404 0.9431
00 271.460 270.592 0.9061 0.9089
00 271.461 270.507 0.9546 0.9582
00 271.460 270.561 0.9451 0.9483
00 271.460 270.559 0.9307 0.9339
00 271.460 270.597 0.9017 0.9045
00 271.461 270.391 0.9361 0.9404
00 271.460 270.558 0.9426 0.9457
00 271.460 270.527 0.9192 0.9226
00 271.460 270.607 0.8971 0.8997
00 271.461 270.370 0.9225 0.9269
00 271.464 270.581 0.9421 0.9451
00 271.460 270.535 0.9213 0.9246
00 271.460 270.633 0.8948 0.8971
00 271.461 270.399 0.9250 0.9291
00 271.509 270.625 0.9386 0.9415
00 271.460 270.575 0.9321 0.9350
00 271.460 270.657 0.8933 0.8954
00 271.461 270.486 0.9421 0.9455
00 271.592 270.714 0.9383 0.9411
00 271.462 270.567 0.9362 0.9393
00 271.460 270.665 0.8904 0.8924
00 271.461 270.399 0.9284 0.9326
00 271.622 270.764 0.9401 0.9427
00 271.465 270.429 0.9087 0.9123
00 271.460 270.661 0.8859 0.8880
00 271.461 270.334 0.9116 0.9163
00 271.695 270.844 0.9401 0.9425
00 271.499 270.453 0.8935 0.8971
00 271.463 270.657 0.8816 0.8837
00 271.461 270.372 0.8981 0.9023
00 271.948 271.090 0.9394 0.9417
00 271.593 270.574 0.8797 0.8840
00 271.475 270.658 0.8797 0.8820
00 271.461 270.403 0.8878 0.8915
00 271.996 271.142 0.9390 0.9413
00 271.638 270.652 0.8720 0.8759
00 271.503 270.665 0.8727 0.8752
00 271.463 270.407 0.8898 0.8935
00 272.271 271.412 0.9392 0.9412
00 272.081 271.087 0.8635 0.8667
00 271.888 270.993 0.8677 0.8702
00 271.713 270.635 0.8930 0.8977
00 272.647 271.778 0.9390 0.9415
00 272.813 271.769 0.8584 0.8624
00 272.290 271.351 0.8686 0.8710
00 272.118 271.037 0.8954 0.8997
00 272.925 272.053 0.9395 0.9419
00 273.079 272.029 0.8531 0.8568
00 272.973 271.963 0.8698 0.8733
00 272.430 271.363 0.8957 0.8995
00 274.079 273.151 0.9391 0.9419
00 273.999 272.886 0.8579 0.8623
00 273.968 272.860 0.8747 0.8792
00 273.687 272.530 0.8963 0.9015
00 274.444 273.493 0.9380 0.9410
00 274.297 273.169 0.8586 0.8627
00 274.068 272.947 0.8746 0.8791
00 273.869 272.705 0.8956 0.9009
00 274.298 273.355 0.9376 0.9403
00 274.310 273.178 0.8563 0.8604
00 274.140 273.013 0.8787 0.8831
00 273.855 272.711 0.8945 0.8996
00 271.461 270.609 0.9585 0.9611
00 271.460 270.571 0.9629 0.9659
00 271.460 270.598 0.9558 0.9585
00 271.461 270.412 0.8890 0.8926
00 271.463 270.538 0.9169 0.9203
00 271.461 270.555 0.9612 0.9644
00 271.461 270.597 0.9539 0.9566
00 271.461 270.399 0.9001 0.9039
00 271.460 270.556 0.9113 0.9144
00 271.460 270.536 0.9597 0.9630
00 271.460 270.598 0.9525 0.9552
00 271.461 270.445 0.9129 0.9164
00 271.460 270.575 0.9088 0.9117
00 271.460 270.564 0.9616 0.9647
00 271.460 270.589 0.9499 0.9527
00 271.461 270.570 0.9356 0.9387
00 271.460 270.590 0.9065 0.9093
00 271.460 270.514 0.9568 0.9603
00 271.460 270.577 0.9471 0.9501
00 271.461 270.584 0.9367 0.9396
00 271.460 270.601 0.9028 0.9055
00 271.460 270.341 0.9314 0.9362
00 271.460 270.572 0.9450 0.9480
00 271.461 270.549 0.9213 0.9245
00 271.460 270.619 0.8997 0.9022
00 271.460 270.354 0.9204 0.9249
00 271.460 270.573 0.9427 0.9457
00 271.461 270.557 0.9213 0.9245
00 271.460 270.646 0.8973 0.8995
00 271.460 270.410 0.9318 0.9358
00 271.460 270.572 0.9385 0.9415
00 271.461 270.568 0.9271 0.9302
00 271.473 270.672 0.8955 0.8976
00 271.460 270.453 0.9371 0.9407
00 271.460 270.586 0.9366 0.9394
00 271.461 270.584 0.9365 0.9393
00 271.516 270.722 0.8935 0.8954
00 271.460 270.353 0.9205 0.9251
00 271.460 270.597 0.9358 0.9386
00 271.461 270.452 0.9125 0.9159
00 271.948 271.114 0.8906 0.8924
00 271.466 270.350 0.9114 0.9159
00 271.461 270.614 0.9377 0.9403
00 271.461 270.420 0.8942 0.8978
00 272.463 271.570 0.8860 0.8889
00 271.525 270.430 0.8988 0.9029
00 271.467 270.625 0.9377 0.9402
00 271.461 270.460 0.8826 0.8858
00 271.904 271.045 0.8789 0.8810
00 271.599 270.522 0.8967 0.9013
00 271.504 270.660 0.9355 0.9380
00 271.461 270.492 0.8761 0.8793
00 271.993 271.103 0.8732 0.8755
00 271.782 270.687 0.8955 0.9004
00 271.553 270.710 0.9345 0.9369
00 271.461 270.516 0.8664 0.8695
00 272.011 271.114 0.8739 0.8762
00 271.953 270.849 0.8983 0.9030
00 271.666 270.813 0.9319 0.9344
00 271.602 270.682 0.8598 0.8629
00 272.187 271.270 0.8774 0.8798
00 272.270 271.183 0.9008 0.9051
00 272.052 271.181 0.9308 0.9332
00 271.841 270.916 0.8512 0.8540
00 272.702 271.722 0.8770 0.8806
00 272.706 271.627 0.9044 0.9091
00 272.293 271.411 0.9292 0.9314
00 272.090 271.158 0.8465 0.8490
00 273.185 272.163 0.8757 0.8791
00 272.959 271.867 0.9039 0.9085
00 272.903 271.993 0.9293 0.9321
00 272.688 271.702 0.8467 0.8504
00 273.697 272.636 0.8765 0.8809
00 273.856 272.698 0.9027 0.9080
00 273.614 272.669 0.9302 0.9335
00 273.372 272.315 0.8490 0.8522
00 274.453 273.308 0.8775 0.8817
00 274.283 273.114 0.9027 0.9076
00 273.955 273.054 0.9610 0.9637
00 273.848 272.567 0.8971 0.9036
00 271.460 270.462 0.9247 0.9281
00 271.460 270.593 0.9664 0.9691
00 271.460 270.613 0.9585 0.9610
00 271.461 270.417 0.8931 0.8967
00 271.460 270.501 0.9201 0.9235
00 271.460 270.579 0.9650 0.9679
00 271.460 270.611 0.9574 0.9599
00 271.461 270.433 0.8899 0.8933
00 271.460 270.549 0.9162 0.9194
00 271.460 270.572 0.9641 0.9671
00 271.460 270.612 0.9565 0.9590
00 271.461 270.421 0.8912 0.8947
00 271.460 270.586 0.9136 0.9164
00 271.460 270.557 0.9628 0.9659
00 271.460 270.610 0.9548 0.9574
00 271.461 270.392 0.9023 0.9062
00 271.460 270.613 0.9114 0.9140
00 271.460 270.560 0.9623 0.9654
00 271.460 270.603 0.9523 0.9549
00 271.461 270.481 0.9211 0.9245
00 271.460 270.626 0.9071 0.9096
00 271.460 270.522 0.9583 0.9618
00 271.460 270.601 0.9501 0.9528
00 271.461 270.584 0.9380 0.9408
00 271.460 270.632 0.9039 0.9062
00 271.460 270.334 0.9348 0.9397
00 271.460 270.599 0.9482 0.9509
00 271.461 270.578 0.9289 0.9318
00 271.460 270.638 0.9015 0.9038
00 271.460 270.348 0.9229 0.9275
00 271.460 270.586 0.9451 0.9480
00 271.461 270.559 0.9189 0.9220
00 271.460 270.649 0.8985 0.9007
00 271.460 270.426 0.9363 0.9402
00 271.460 270.589 0.9431 0.9459
00 271.461 270.567 0.9243 0.9274
00 271.485 270.677 0.8959 0.8980
00 271.460 270.438 0.9340 0.9378
00 271.460 270.595 0.9404 0.9431
00 271.461 270.590 0.9333 0.9361
00 271.630 270.808 0.8921 0.8942
00 271.460 270.372 0.9226 0.9270
00 271.460 270.598 0.9357 0.9384
00 271.461 270.500 0.9208 0.9242
00 271.817 270.972 0.8880 0.8902
00 271.467 270.359 0.9130 0.9174
00 271.460 270.615 0.9347 0.9372
00 271.461 270.414 0.8977 0.9014
00 271.770 270.927 0.8842 0.8863
00 271.618 270.504 0.9007 0.9055
00 271.469 270.633 0.9342 0.9366
00 271.461 270.458 0.8874 0.8906
00 272.570 271.639 0.8781 0.8814
00 271.863 270.753 0.8991 0.9040
00 271.682 270.835 0.9323 0.9346
00 271.485 270.517 0.8834 0.8869
00 272.414 271.475 0.8730 0.8756
00 271.992 270.886 0.9012 0.9060
00 271.812 270.962 0.9330 0.9353
00 271.557 270.585 0.8782 0.8821
00 272.468 271.517 0.8746 0.8778
00 272.244 271.099 0.8982 0.9031
00 271.956 271.102 0.9341 0.9364
00 272.020 271.005 0.8709 0.8745
00 273.031 272.030 0.8789 0.8823
00 272.811 271.664 0.9030 0.9083
00 272.565 271.675 0.9337 0.9366
00 272.694 271.609 0.8643 0.8690
00 273.079 272.065 0.8803 0.8838
00 272.954 271.859 0.9086 0.9133
00 272.714 271.820 0.9344 0.9372
00 272.824 271.741 0.8619 0.8664
00 273.402 272.344 0.8787 0.8821
00 273.348 272.231 0.9089 0.9133
00 273.003 272.079 0.9312 0.9340
00 272.766 271.702 0.8604 0.8648
00 274.151 273.037 0.8786 0.8830
00 274.253 273.075 0.9083 0.9133
00 273.935 272.934 0.9268 0.9304
00 273.434 272.292 0.8605 0.8647
00 274.499 273.361 0.8789 0.8829
00 274.387 273.230 0.9097 0.9145
00 274.453 273.546 0.9598 0.9627
00 273.843 272.599 0.8956 0.9017
00 271.460 270.552 0.9237 0.9269
00 271.460 270.571 0.9634 0.9664
00 271.460 270.628 0.9577 0.9601
00 271.461 270.433 0.8879 0.8912
00 271.462 270.594 0.9190 0.9218
00 271.460 270.552 0.9619 0.9651
00 271.460 270.618 0.9557 0.9582
00 271.461 270.441 0.8865 0.8898
00 271.462 270.623 0.9152 0.9177
00 271.460 270.552 0.9619 0.9650
00 271.460 270.614 0.9546 0.9572
00 271.461 270.398 0.8959 0.8997
00 271.460 270.624 0.9077 0.9102
00 271.460 270.549 0.9613 0.9645
00 271.460 270.616 0.9540 0.9565
00 271.461 270.398 0.9080 0.9120
00 271.460 270.599 0.8979 0.9006
00 271.460 270.524 0.9582 0.9617
00 271.460 270.617 0.9525 0.9550
00 271.461 270.536 0.9310 0.9344
00 271.460 270.587 0.8964 0.8992
00 271.460 270.330 0.9351 0.9401
00 271.460 270.627 0.9513 0.9537
00 271.461 270.599 0.9365 0.9392
00 271.460 270.584 0.8958 0.8987
00 271.460 270.345 0.9255 0.9302
00 271.460 270.630 0.9490 0.9514
00 271.461 270.578 0.9242 0.9271
00 271.460 270.583 0.8915 0.8944
00 271.460 270.408 0.9345 0.9386
00 271.460 270.621 0.9465 0.9490
00 271.461 270.562 0.9184 0.9215
00 271.465 270.591 0.8868 0.8897
00 271.460 270.427 0.9320 0.9359
00 271.460 270.618 0.9439 0.9464
00 271.461 270.589 0.9268 0.9296
00 271.790 270.888 0.8830 0.8857
00 271.460 270.378 0.9234 0.9277
00 271.460 270.607 0.9390 0.9416
00 271.461 270.553 0.9271 0.9303
00 271.829 270.927 0.8799 0.8826
00 271.539 270.429 0.9163 0.9207
00 271.464 270.610 0.9354 0.9380
00 271.461 270.412 0.9026 0.9064
00 272.012 271.101 0.8796 0.8822
00 271.920 270.785 0.9079 0.9131
00 271.502 270.654 0.9348 0.9373
00 271.468 270.452 0.8921 0.8954
00 272.341 271.398 0.8755 0.8779
00 272.311 271.152 0.9026 0.9077
00 271.889 271.034 0.9359 0.9382
00 271.953 270.930 0.8880 0.8919
00 272.435 271.489 0.8750 0.8778
00 272.195 271.049 0.9002 0.9052
00 272.054 271.182 0.9340 0.9363
00 271.834 270.834 0.8880 0.8918
00 272.713 271.744 0.8785 0.8820
00 272.774 271.568 0.8989 0.9049
00 272.657 271.746 0.9323 0.9353
00 272.366 271.315 0.8853 0.8889
00 272.797 271.813 0.8784 0.8819
00 273.101 271.872 0.8984 0.9042
00 273.045 272.098 0.9293 0.9324
00 272.908 271.797 0.8815 0.8863
00 273.043 272.023 0.8788 0.8824
00 273.236 272.096 0.9064 0.9112
00 273.138 272.168 0.9258 0.9290
00 273.049 271.927 0.8790 0.8836
00 273.247 272.196 0.8804 0.8840
00 273.172 272.102 0.9140 0.9181
00 272.921 271.914 0.9186 0.9224
00 272.754 271.661 0.8779 0.8826
00 273.474 272.410 0.8783 0.8817
00 273.372 272.334 0.9234 0.9271
00 273.064 271.983 0.9095 0.9138
00 272.743 271.654 0.8789 0.8836
00 274.056 272.961 0.8816 0.8858
00 273.722 272.681 0.9244 0.9286
00 273.960 273.071 0.9614 0.9639
00 273.612 272.379 0.9006 0.9059
00 271.460 270.493 0.9301 0.9335
00 271.460 270.529 0.9603 0.9637
00 271.460 270.629 0.9590 0.9614
00 271.461 270.415 0.8954 0.8991
00 271.460 270.546 0.9250 0.9283
00 271.460 270.504 0.9565 0.9600
00 271.460 270.629 0.9572 0.9596
00 271.461 270.461 0.8880 0.8913
00 271.460 270.600 0.9190 0.9217
00 271.460 270.501 0.9562 0.9597
00 271.460 270.620 0.9548 0.9572
00 271.461 270.439 0.8822 0.8854
00 271.484 270.646 0.9105 0.9129
00 271.460 270.520 0.9584 0.9619
00 271.460 270.613 0.9531 0.9557
00 271.461 270.407 0.8911 0.8948
00 271.469 270.615 0.8973 0.9000
00 271.460 270.531 0.9594 0.9628
00 271.460 270.622 0.9533 0.9557
00 271.461 270.371 0.9001 0.9043
00 271.461 270.592 0.8932 0.8960
00 271.460 270.522 0.9573 0.9609
00 271.460 270.625 0.9532 0.9556
00 271.461 270.438 0.9167 0.9203
00 271.460 270.574 0.8951 0.8980
00 271.460 270.325 0.9330 0.9380
00 271.460 270.628 0.9525 0.9549
00 271.461 270.587 0.9370 0.9398
00 271.460 270.552 0.8888 0.8921
00 271.460 270.321 0.9234 0.9284
00 271.460 270.637 0.9507 0.9530
00 271.461 270.578 0.9273 0.9302
00 271.460 270.560 0.8801 0.8833
00 271.460 270.387 0.9319 0.9362
00 271.460 270.638 0.9484 0.9506
00 271.461 270.569 0.9180 0.9210
00 271.461 270.574 0.8720 0.8750
00 271.460 270.427 0.9329 0.9368
00 271.460 270.627 0.9454 0.9478
00 271.461 270.582 0.9207 0.9236
00 271.727 270.829 0.8703 0.8731
00 271.463 270.407 0.9275 0.9315
00 271.460 270.618 0.9423 0.9448
00 271.461 270.583 0.9245 0.9273
00 271.931 271.016 0.8691 0.8717
00 271.931 270.822 0.9225 0.9274
00 271.515 270.648 0.9369 0.9396
00 271.461 270.475 0.9150 0.9183
00 272.062 271.127 0.8697 0.8724
00 271.927 270.790 0.9137 0.9190
00 271.881 270.983 0.9329 0.9357
00 271.505 270.475 0.8998 0.9035
00 272.205 271.262 0.8726 0.8752
00 272.259 271.104 0.9092 0.9143
00 272.022 271.112 0.9306 0.9334
00 272.063 271.011 0.8925 0.8966
00 272.474 271.517 0.8759 0.8791
00 272.466 271.284 0.9040 0.9091
00 272.302 271.373 0.9289 0.9317
00 271.926 270.908 0.8909 0.8948
00 272.889 271.893 0.8771 0.8806
00 272.717 271.504 0.9006 0.9062
00 272.492 271.548 0.9271 0.9306
00 272.362 271.322 0.8945 0.8981
00 273.181 272.147 0.8780 0.8815
00 272.994 271.730 0.8948 0.9011
00 272.629 271.652 0.9230 0.9268
00 272.517 271.454 0.8924 0.8961
00 273.465 272.393 0.8773 0.8808
00 273.382 272.147 0.8995 0.9051
00 272.994 271.940 0.9163 0.9205
00 272.925 271.818 0.8909 0.8956
00 273.163 272.116 0.8780 0.8817
00 273.266 272.179 0.9113 0.9156
00 273.282 272.157 0.9081 0.9126
00 273.089 271.971 0.8902 0.8948
00 273.661 272.591 0.8796 0.8841
00 273.662 272.637 0.9241 0.9281
00 273.440 272.277 0.8983 0.9030
00 273.416 272.286 0.8922 0.8966
00 274.067 272.961 0.8831 0.8875
00 274.027 273.021 0.9302 0.9338
00 273.977 273.071 0.9605 0.9632
00 273.578 272.386 0.9089 0.9139
00 271.460 270.482 0.9319 0.9354
00 271.460 270.446 0.9536 0.9575
00 271.460 270.622 0.9555 0.9579
00 271.461 270.451 0.8852 0.8884
00 271.460 270.610 0.9023 0.9049
00 271.460 270.488 0.9558 0.9593
00 271.460 270.601 0.9508 0.9535
00 271.461 270.351 0.9066 0.9111
00 271.460 270.590 0.8928 0.8956
00 271.460 270.319 0.9312 0.9362
00 271.460 270.631 0.9521 0.9545
00 271.461 270.528 0.9305 0.9339
00 271.460 270.564 0.8779 0.8810
00 271.460 270.329 0.9255 0.9304
00 271.460 270.628 0.9510 0.9534
00 271.461 270.564 0.9262 0.9293
00 271.460 270.558 0.8686 0.8718
00 271.460 270.364 0.9300 0.9345
00 271.460 270.637 0.9495 0.9517
00 271.461 270.574 0.9192 0.9222
00 271.460 270.571 0.8668 0.8699
00 271.460 270.433 0.9351 0.9390
00 271.460 270.640 0.9472 0.9494
00 271.461 270.577 0.9184 0.9214
00 271.740 270.861 0.8727 0.8752
00 271.509 270.485 0.9334 0.9373
00 271.470 270.642 0.9450 0.9474
00 271.461 270.599 0.9266 0.9293
00 271.986 271.092 0.8714 0.8738
00 271.652 270.610 0.9313 0.9358
00 271.852 271.001 0.9423 0.9447
00 271.524 270.624 0.9243 0.9274
00 272.202 271.274 0.8698 0.8722
00 272.165 271.042 0.9211 0.9260
00 271.985 271.121 0.9405 0.9429
00 272.008 270.975 0.9125 0.9165
00 272.455 271.495 0.8700 0.8730
00 272.457 271.290 0.9159 0.9209
00 272.094 271.206 0.9371 0.9396
00 272.050 270.986 0.9001 0.9043
00 272.882 271.873 0.8722 0.8758
00 272.738 271.531 0.9094 0.9154
00 272.339 271.408 0.9323 0.9351
00 272.154 271.094 0.8949 0.8990
00 273.054 272.036 0.8748 0.8784
00 272.879 271.658 0.9066 0.9126
00 272.576 271.581 0.9256 0.9296
00 272.268 271.207 0.8928 0.8967
00 272.907 271.908 0.8741 0.8776
00 272.860 271.628 0.9025 0.9087
00 272.398 271.364 0.9177 0.9214
00 272.347 271.280 0.8935 0.8974
00 272.972 271.967 0.8772 0.8807
00 272.921 271.668 0.8987 0.9050
00 272.910 271.809 0.9099 0.9146
00 272.705 271.637 0.8967 0.9012
00 273.475 272.432 0.8802 0.8834
00 273.432 272.163 0.8998 0.9057
00 273.168 272.033 0.9018 0.9066
00 273.206 272.136 0.9042 0.9083
00 273.517 272.485 0.8811 0.8847
00 273.492 272.351 0.9117 0.9163
00 273.357 272.203 0.8906 0.8953
00 273.433 272.375 0.9080 0.9117
00 273.875 272.763 0.8828 0.8874
00 273.831 272.796 0.9225 0.9266
00 273.771 272.887 0.9526 0.9552
00 273.652 272.447 0.9127 0.9178
00 271.460 270.556 0.8729 0.8761
00 271.460 270.324 0.9262 0.9312
00 271.460 270.643 0.9510 0.9532
00 271.461 270.510 0.9182 0.9216
00 271.460 270.542 0.8675 0.8706
00 271.460 270.370 0.9330 0.9375
00 271.460 270.638 0.9490 0.9513
00 271.461 270.556 0.9184 0.9216
00 271.460 270.564 0.8673 0.8705
00 271.460 270.417 0.9359 0.9399
00 271.460 270.635 0.9467 0.9490
00 271.461 270.569 0.9162 0.9193
00 271.685 270.804 0.8741 0.8768
00 271.602 270.579 0.9347 0.9391
00 271.595 270.772 0.9461 0.9483
00 271.461 270.598 0.9210 0.9237
00 272.042 271.132 0.8740 0.8764
00 272.127 271.073 0.9317 0.9359
00 272.009 271.159 0.9441 0.9463
00 271.745 270.881 0.9261 0.9286
00 272.371 271.427 0.8743 0.8766
00 272.469 271.379 0.9286 0.9329
00 271.979 271.105 0.9408 0.9433
00 272.047 271.113 0.9235 0.9265
00 272.777 271.792 0.8755 0.8790
00 272.685 271.565 0.9249 0.9301
00 272.140 271.225 0.9366 0.9394
00 272.192 271.171 0.9172 0.9210
00 273.122 272.096 0.8762 0.8797
00 273.066 271.893 0.9189 0.9243
00 272.486 271.509 0.9304 0.9340
00 272.275 271.214 0.9058 0.9098
00 273.098 272.065 0.8738 0.8774
00 273.122 271.927 0.9146 0.9201
00 272.650 271.622 0.9229 0.9271
00 272.562 271.469 0.8988 0.9029
00 273.302 272.256 0.8749 0.8784
00 273.331 272.107 0.9114 0.9171
00 272.677 271.613 0.9145 0.9191
00 272.462 271.366 0.8953 0.8993
00 274.138 273.050 0.8825 0.8866
00 273.885 272.611 0.9097 0.9162
00 273.318 272.175 0.9052 0.9099
00 272.823 271.703 0.8944 0.8994
00 274.153 273.082 0.8821 0.8860
00 273.984 272.688 0.9052 0.9118
00 273.635 272.474 0.8977 0.9024
00 273.349 272.224 0.8994 0.9038
00 273.941 272.853 0.8795 0.8838
00 273.795 272.546 0.9089 0.9152
00 273.764 272.582 0.8836 0.8892
00 273.780 272.661 0.9041 0.9090
00 274.049 272.904 0.8821 0.8869
00 273.934 272.720 0.9124 0.9182
00 273.897 272.825 0.9508 0.9553
00 273.863 272.910 0.9611 0.9643
00 271.560 270.648 0.9539 0.9571
00 271.558 270.607 0.8855 0.8891
00 271.882 270.760 0.9296 0.9347
00 271.461 270.548 0.9590 0.9622
00 271.465 270.510 0.9510 0.9546
00 271.462 270.532 0.8942 0.8975
00 271.463 270.504 0.9430 0.9465
00 271.460 270.534 0.9575 0.9609
00 271.469 270.344 0.9325 0.9374
00 271.462 270.561 0.8956 0.8988
00 271.460 270.542 0.9473 0.9506
00 271.460 270.528 0.9567 0.9602
00 271.631 270.427 0.9170 0.9224
00 271.556 270.662 0.8914 0.8943
00 271.462 270.558 0.9479 0.9511
00 271.460 270.523 0.9558 0.9593
00 272.271 271.056 0.9090 0.9148
00 272.165 271.178 0.8807 0.8838
00 271.823 270.909 0.9471 0.9501
00 271.466 270.525 0.9549 0.9584
00 272.635 271.408 0.8974 0.9027
00 272.509 271.407 0.8653 0.8690
00 272.055 271.119 0.9446 0.9477
00 271.744 270.795 0.9543 0.9578
00 272.754 271.543 0.8907 0.8966
00 272.703 271.615 0.8646 0.8693
00 272.334 271.362 0.9397 0.9429
00 272.000 271.047 0.9542 0.9576
00 273.012 271.777 0.8831 0.8890
00 272.611 271.638 0.8770 0.8807
00 272.517 271.523 0.9369 0.9408
00 272.226 271.268 0.9539 0.9572
00 273.242 271.996 0.8796 0.8854
00 272.757 271.772 0.8785 0.8820
00 272.421 271.474 0.9430 0.9459
00 272.269 271.303 0.9530 0.9563
00 273.271 272.019 0.8754 0.8811
00 272.982 271.966 0.8763 0.8799
00 272.470 271.517 0.9402 0.9437
00 272.383 271.351 0.9452 0.9492
00 273.310 272.040 0.8709 0.8768
00 273.048 272.051 0.8826 0.8859
00 272.552 271.536 0.9276 0.9318
00 272.459 271.353 0.9356 0.9401
00 273.386 272.094 0.8686 0.8746
00 273.063 272.090 0.8858 0.8889
00 272.815 271.790 0.9223 0.9263
00 272.589 271.483 0.9327 0.9373
00 273.510 272.180 0.8650 0.8711
00 273.159 272.185 0.8842 0.8871
00 273.029 272.055 0.9292 0.9325
00 272.728 271.653 0.9337 0.9384
00 273.601 272.247 0.8643 0.8706
00 273.468 272.453 0.8792 0.8822
00 273.185 272.251 0.9356 0.9384
00 273.148 272.109 0.9385 0.9425
00 274.107 272.672 0.8625 0.8702
00 273.940 272.848 0.8712 0.8755
00 273.497 272.554 0.9354 0.9387
00 273.487 272.424 0.9372 0.9412
00 274.728 273.198 0.8602 0.8680
00 274.553 273.384 0.8611 0.8653
00 273.857 272.878 0.9306 0.9341
00 274.134 273.035 0.9368 0.9414
00 275.166 273.575 0.8607 0.8698
00 275.006 273.794 0.8542 0.8596
00 274.399 273.345 0.9223 0.9260
00 274.915 273.763 0.9344 0.9396
00 275.306 273.696 0.8624 0.8715
00 275.002 273.814 0.8524 0.8575
00 274.264 273.171 0.9508 0.9553
00 275.101 274.115 0.9609 0.9643
00 271.893 270.965 0.9537 0.9569
00 271.942 270.953 0.8694 0.8728
00 271.739 270.592 0.9275 0.9331
00 271.460 270.561 0.9601 0.9632
00 271.478 270.546 0.9527 0.9562
00 271.515 270.591 0.8753 0.8787
00 271.520 270.492 0.9341 0.9381
00 271.460 270.552 0.9591 0.9623
00 271.460 270.427 0.9439 0.9479
00 271.460 270.556 0.8741 0.8772
00 271.460 270.446 0.9332 0.9369
00 271.460 270.540 0.9578 0.9611
00 271.489 270.303 0.9227 0.9282
00 271.475 270.588 0.8701 0.8731
00 271.460 270.435 0.9268 0.9305
00 271.460 270.533 0.9568 0.9602
00 271.941 270.732 0.9129 0.9189
00 271.825 270.901 0.8662 0.8691
00 271.487 270.505 0.9309 0.9346
00 271.460 270.530 0.9559 0.9593
00 272.703 271.449 0.9019 0.9075
00 272.335 271.324 0.8637 0.8668
00 271.882 270.895 0.9331 0.9368
00 271.491 270.553 0.9549 0.9584
00 273.090 271.821 0.8941 0.9003
00 272.793 271.668 0.8575 0.8625
00 272.340 271.353 0.9380 0.9414
00 271.896 270.930 0.9536 0.9572
00 273.293 272.018 0.8885 0.8946
00 272.931 271.853 0.8659 0.8702
00 272.577 271.606 0.9420 0.9457
00 272.331 271.292 0.9479 0.9519
00 273.307 272.032 0.8826 0.8886
00 272.933 271.951 0.8801 0.8834
00 272.706 271.727 0.9404 0.9441
00 272.483 271.328 0.9357 0.9409
00 273.603 272.299 0.8791 0.8849
00 273.127 272.118 0.8804 0.8837
00 272.798 271.784 0.9331 0.9371
00 272.537 271.342 0.9296 0.9350
00 273.463 272.160 0.8757 0.8817
00 273.051 272.063 0.8827 0.8860
00 272.837 271.840 0.9318 0.9356
00 272.598 271.417 0.9274 0.9326
00 273.515 272.194 0.8733 0.8794
00 273.041 272.077 0.8846 0.8876
00 272.887 271.907 0.9288 0.9323
00 272.509 271.388 0.9295 0.9341
00 273.715 272.360 0.8713 0.8774
00 273.418 272.410 0.8797 0.8826
00 273.106 272.149 0.9301 0.9332
00 272.703 271.636 0.9325 0.9372
00 274.007 272.599 0.8688 0.8764
00 273.891 272.789 0.8656 0.8701
00 273.440 272.506 0.9348 0.9379
00 273.299 272.298 0.9431 0.9466
00 274.383 272.909 0.8653 0.8731
00 274.079 272.937 0.8519 0.8565
00 273.770 272.792 0.9315 0.9350
00 273.750 272.746 0.9445 0.9483
00 274.867 273.335 0.8664 0.8740
00 274.764 273.532 0.8439 0.8493
00 274.487 273.379 0.9209 0.9251
00 274.226 273.181 0.9419 0.9458
00 275.091 273.531 0.8678 0.8764
00 274.918 273.675 0.8402 0.8460
00 274.618 273.417 0.9073 0.9122
00 274.681 273.579 0.9369 0.9417
00 275.034 273.467 0.8674 0.8755
00 274.935 273.720 0.8382 0.8436
00 274.705 273.605 0.9517 0.9564
00 274.926 273.909 0.9587 0.9625
00 272.312 271.347 0.9521 0.9554
00 272.127 271.124 0.8554 0.8586
00 271.834 270.706 0.9330 0.9383
00 271.460 270.532 0.9577 0.9611
00 271.772 270.836 0.9529 0.9562
00 271.823 270.905 0.8586 0.8614
00 271.759 270.688 0.9325 0.9373
00 271.460 270.530 0.9572 0.9606
00 271.460 270.491 0.9497 0.9532
00 271.460 270.605 0.8582 0.8609
00 271.462 270.492 0.9425 0.9460
00 271.460 270.524 0.9566 0.9601
00 271.460 270.317 0.9304 0.9354
00 271.460 270.609 0.8555 0.8582
00 271.460 270.408 0.9233 0.9273
00 271.460 270.517 0.9559 0.9594
00 271.542 270.341 0.9172 0.9227
00 271.503 270.639 0.8532 0.8559
00 271.461 270.492 0.9342 0.9377
00 271.460 270.499 0.9541 0.9577
00 272.345 271.107 0.9078 0.9137
00 272.028 271.093 0.8542 0.8568
00 271.677 270.697 0.9371 0.9409
00 271.468 270.482 0.9518 0.9554
00 273.112 271.829 0.8994 0.9058
00 272.495 271.466 0.8555 0.8588
00 272.387 271.372 0.9378 0.9415
00 271.794 270.733 0.9441 0.9487
00 273.369 272.068 0.8923 0.8986
00 272.959 271.839 0.8550 0.8597
00 272.838 271.783 0.9334 0.9378
00 272.418 271.238 0.9333 0.9387
00 273.377 272.068 0.8848 0.8911
00 273.034 271.976 0.8673 0.8713
00 272.916 271.853 0.9298 0.9343
00 272.666 271.446 0.9283 0.9338
00 273.463 272.148 0.8813 0.8875
00 273.081 272.113 0.8835 0.8865
00 272.977 271.922 0.9258 0.9301
00 272.720 271.499 0.9254 0.9313
00 273.658 272.325 0.8796 0.8857
00 273.121 272.145 0.8846 0.8876
00 272.954 271.931 0.9244 0.9283
00 272.783 271.606 0.9267 0.9324
00 273.736 272.385 0.8771 0.8832
00 273.105 272.145 0.8855 0.8883
00 273.047 272.063 0.9269 0.9303
00 272.700 271.588 0.9292 0.9343
00 273.898 272.519 0.8746 0.8817
00 273.339 272.360 0.8815 0.8842
00 273.266 272.308 0.9306 0.9336
00 272.789 271.745 0.9345 0.9388
00 274.087 272.680 0.8739 0.8814
00 273.700 272.653 0.8695 0.8737
00 273.503 272.500 0.9282 0.9318
00 272.951 271.971 0.9420 0.9456
00 274.346 272.913 0.8743 0.8817
00 274.111 272.982 0.8534 0.8578
00 273.940 272.804 0.9149 0.9199
00 273.546 272.562 0.9448 0.9486
00 274.634 273.155 0.8736 0.8811
00 274.646 273.459 0.8411 0.8455
00 274.566 273.280 0.8964 0.9022
00 274.366 273.326 0.9427 0.9464
00 275.076 273.537 0.8732 0.8817
00 275.093 273.831 0.8363 0.8419
00 275.010 273.646 0.8772 0.8842
00 274.792 273.706 0.9391 0.9436
00 275.151 273.614 0.8743 0.8829
00 275.239 273.989 0.8398 0.8450
00 275.581 274.448 0.9513 0.9559
00 275.162 274.124 0.9576 0.9615
00 272.430 271.457 0.9519 0.9552
00 271.882 270.955 0.8523 0.8551
00 271.724 270.652 0.9402 0.9450
00 271.460 270.510 0.9559 0.9594
00 271.986 271.036 0.9521 0.9554
00 271.757 270.882 0.8531 0.8555
00 271.546 270.463 0.9323 0.9367
00 271.460 270.500 0.9547 0.9582
00 271.464 270.531 0.9521 0.9556
00 271.510 270.670 0.8502 0.8526
00 271.460 270.501 0.9466 0.9501
00 271.460 270.500 0.9544 0.9579
00 271.460 270.421 0.9421 0.9461
00 271.460 270.613 0.8466 0.8492
00 271.460 270.377 0.9239 0.9282
00 271.460 270.496 0.9540 0.9575
00 271.491 270.311 0.9248 0.9302
00 271.494 270.627 0.8429 0.8457
00 271.461 270.401 0.9217 0.9257
00 271.460 270.465 0.9515 0.9551
00 272.232 270.997 0.9149 0.9209
00 272.025 271.097 0.8440 0.8465
00 271.879 270.810 0.9232 0.9278
00 271.464 270.372 0.9397 0.9443
00 272.864 271.595 0.9070 0.9136
00 272.465 271.474 0.8463 0.8493
00 272.507 271.393 0.9220 0.9265
00 271.887 270.717 0.9312 0.9369
00 273.078 271.785 0.8986 0.9052
00 272.816 271.739 0.8473 0.8517
00 272.665 271.581 0.9274 0.9323
00 272.313 271.112 0.9273 0.9330
00 273.604 272.264 0.8922 0.8986
00 273.172 272.026 0.8494 0.8540
00 272.889 271.837 0.9314 0.9358
00 272.584 271.369 0.9241 0.9297
00 273.517 272.191 0.8876 0.8939
00 273.126 272.073 0.8663 0.8700
00 273.040 272.010 0.9299 0.9338
00 272.775 271.581 0.9241 0.9300
00 273.595 272.268 0.8851 0.8912
00 273.218 272.258 0.8854 0.8881
00 273.052 272.029 0.9234 0.9273
00 272.711 271.582 0.9279 0.9332
00 273.773 272.423 0.8820 0.8882
00 273.208 272.252 0.8884 0.8911
00 273.019 272.031 0.9231 0.9266
00 272.774 271.724 0.9345 0.9389
00 273.891 272.535 0.8822 0.8892
00 273.463 272.490 0.8868 0.8898
00 273.167 272.170 0.9288 0.9323
00 272.791 271.787 0.9379 0.9417
00 274.413 273.003 0.8818 0.8890
00 273.834 272.834 0.8805 0.8840
00 273.395 272.294 0.9162 0.9205
00 272.840 271.892 0.9446 0.9479
00 274.667 273.221 0.8809 0.8881
00 274.411 273.330 0.8694 0.8729
00 274.028 272.774 0.8922 0.8982
00 273.313 272.362 0.9461 0.9491
00 275.145 273.636 0.8792 0.8876
00 275.117 273.927 0.8548 0.8597
00 274.634 273.292 0.8658 0.8718
00 273.923 272.929 0.9447 0.9483
00 275.325 273.798 0.8794 0.8878
00 275.428 274.202 0.8501 0.8549
00 275.299 274.005 0.8703 0.8761
00 274.656 273.586 0.9402 0.9447
00 275.510 274.004 0.8825 0.8904
00 275.629 274.365 0.8486 0.8534
00 275.662 274.468 0.9485 0.9536
00 275.036 274.019 0.9587 0.9624
00 272.088 271.191 0.9576 0.9603
00 271.817 270.848 0.8531 0.8564
00 271.868 270.829 0.9469 0.9512
00 271.460 270.515 0.9559 0.9595
00 272.200 271.264 0.9538 0.9569
00 271.838 270.911 0.8522 0.8550
00 271.560 270.555 0.9472 0.9514
00 271.460 270.514 0.9551 0.9586
00 271.898 270.929 0.9497 0.9533
00 271.766 270.857 0.8478 0.8505
00 271.512 270.426 0.9340 0.9384
00 271.460 270.511 0.9547 0.9582
00 271.462 270.524 0.9509 0.9544
00 271.477 270.612 0.8448 0.8476
00 271.460 270.495 0.9474 0.9509
00 271.460 270.507 0.9545 0.9580
00 271.460 270.487 0.9475 0.9510
00 271.460 270.591 0.8421 0.8450
00 271.460 270.489 0.9454 0.9489
00 271.460 270.488 0.9532 0.9568
00 271.491 270.422 0.9388 0.9431
00 271.492 270.604 0.8395 0.8425
00 271.489 270.466 0.9352 0.9389
00 271.460 270.422 0.9464 0.9504
00 272.077 270.866 0.9226 0.9285
00 271.960 271.019 0.8402 0.8430
00 271.932 270.897 0.9342 0.9384
00 271.471 270.351 0.9351 0.9399
00 272.732 271.450 0.9115 0.9175
00 272.401 271.411 0.8393 0.8417
00 272.242 271.229 0.9379 0.9416
00 271.871 270.725 0.9313 0.9367
00 273.100 271.797 0.9054 0.9121
00 272.722 271.681 0.8383 0.8425
00 272.446 271.449 0.9394 0.9429
00 272.112 270.936 0.9260 0.9316
00 273.499 272.166 0.9004 0.9069
00 273.151 272.029 0.8393 0.8436
00 272.719 271.715 0.9378 0.9417
00 272.475 271.273 0.9214 0.9268
00 273.729 272.374 0.8950 0.9014
00 273.367 272.215 0.8445 0.8487
00 273.145 272.116 0.9318 0.9356
00 272.952 271.762 0.9216 0.9273
00 273.745 272.388 0.8905 0.8969
00 273.466 272.377 0.8622 0.8658
00 273.087 272.043 0.9201 0.9241
00 273.022 271.891 0.9257 0.9308
00 273.766 272.412 0.8887 0.8950
00 273.409 272.429 0.8828 0.8854
00 273.135 272.107 0.9229 0.9267
00 272.950 271.901 0.9329 0.9371
00 273.838 272.490 0.8894 0.8961
00 273.615 272.647 0.8901 0.8936
00 273.355 272.282 0.9216 0.9256
00 273.175 272.162 0.9374 0.9411
00 273.895 272.533 0.8865 0.8937
00 273.860 272.870 0.8879 0.8913
00 273.626 272.417 0.8944 0.8994
00 273.328 272.349 0.9425 0.9457
00 274.793 273.344 0.8853 0.8924
00 274.676 273.635 0.8839 0.8880
00 274.093 272.824 0.8689 0.8749
00 274.035 273.066 0.9470 0.9502
00 275.187 273.712 0.8860 0.8940
00 275.145 274.039 0.8723 0.8764
00 274.814 273.552 0.8672 0.8732
00 274.880 273.862 0.9462 0.9500
00 275.594 274.076 0.8849 0.8929
00 275.534 274.364 0.8636 0.8677
00 275.396 274.180 0.8854 0.8904
00 275.120 274.039 0.9412 0.9455
00 275.520 274.052 0.8871 0.8946
00 275.766 274.588 0.8643 0.8696
00 275.719 274.577 0.9531 0.9582
00 275.440 274.416 0.9589 0.9625
00 271.460 270.580 0.9547 0.9576
00 271.460 270.392 0.8587 0.8622
00 271.462 270.370 0.9415 0.9462
00 271.460 270.545 0.9577 0.9610
00 271.493 270.628 0.9570 0.9597
00 271.460 270.522 0.8579 0.8610
00 271.464 270.384 0.9400 0.9445
00 271.469 270.541 0.9563 0.9597
00 271.467 270.573 0.9546 0.9577
00 271.460 270.551 0.8533 0.8564
00 271.460 270.460 0.9478 0.9515
00 271.460 270.536 0.9564 0.9598
00 271.460 270.513 0.9505 0.9540
00 271.460 270.555 0.8483 0.8513
00 271.460 270.390 0.9368 0.9412
00 271.460 270.541 0.9566 0.9599
00 271.460 270.496 0.9486 0.9521
00 271.460 270.557 0.8453 0.8484
00 271.460 270.456 0.9431 0.9468
00 271.460 270.531 0.9557 0.9591
00 271.460 270.488 0.9465 0.9500
00 271.460 270.547 0.8418 0.8448
00 271.543 270.573 0.9474 0.9512
00 271.554 270.584 0.9528 0.9566
00 271.492 270.508 0.9459 0.9497
00 271.460 270.546 0.8387 0.8417
00 272.426 271.428 0.9475 0.9511
00 272.275 271.185 0.9427 0.9473
00 272.154 271.037 0.9353 0.9403
00 271.496 270.593 0.8370 0.8401
00 272.961 271.956 0.9479 0.9517
00 272.828 271.674 0.9365 0.9419
00 272.580 271.343 0.9215 0.9272
00 271.999 271.039 0.8365 0.8394
00 273.345 272.330 0.9469 0.9506
00 273.071 271.911 0.9347 0.9400
00 272.799 271.521 0.9128 0.9194
00 272.289 271.290 0.8344 0.8372
00 273.673 272.644 0.9438 0.9479
00 273.338 272.102 0.9256 0.9315
00 273.018 271.731 0.9087 0.9153
00 272.759 271.692 0.8338 0.8381
00 273.749 272.648 0.9319 0.9367
00 273.484 272.210 0.9158 0.9218
00 273.277 271.966 0.9034 0.9100
00 273.022 271.928 0.8339 0.8381
00 273.797 272.670 0.9237 0.9288
00 273.501 272.304 0.9178 0.9231
00 273.341 272.015 0.8984 0.9050
00 273.057 271.969 0.8387 0.8428
00 273.765 272.605 0.9131 0.9185
00 273.577 272.471 0.9267 0.9311
00 273.493 272.167 0.8967 0.9031
00 273.125 272.071 0.8547 0.8584
00 273.904 272.771 0.9168 0.9218
00 273.686 272.620 0.9322 0.9367
00 273.523 272.221 0.8975 0.9037
00 273.151 272.213 0.8807 0.8833
00 274.304 273.060 0.9004 0.9061
00 274.040 272.993 0.9376 0.9417
00 273.964 272.626 0.8963 0.9033
00 273.282 272.364 0.8907 0.8929
00 274.400 273.091 0.8715 0.8775
00 274.285 273.240 0.9394 0.9433
00 274.146 272.780 0.8929 0.8999
00 273.613 272.657 0.8886 0.8920
00 274.806 273.540 0.8597 0.8656
00 274.461 273.454 0.9448 0.9481
00 274.541 273.140 0.8917 0.8986
00 274.201 273.210 0.8847 0.8876
00 275.320 274.103 0.8806 0.8857
00 275.273 274.251 0.9472 0.9508
00 275.191 273.725 0.8893 0.8972
00 275.010 273.942 0.8773 0.8812
00 275.734 274.508 0.8875 0.8929
00 275.781 274.674 0.9416 0.9463
00 275.684 274.201 0.8889 0.8964
00 275.550 274.440 0.8730 0.8766
00 271.524 270.583 0.9578 0.9614
00 271.381 270.478 0.9601 0.9628
00 271.371 270.218 0.9242 0.9294
00 271.460 270.342 0.8769 0.8811
00 271.460 270.469 0.9526 0.9562
00 271.460 270.560 0.9595 0.9626
00 271.460 270.486 0.9474 0.9509
00 271.460 270.419 0.8700 0.8734
00 271.460 270.305 0.9331 0.9384
00 271.460 270.562 0.9586 0.9617
00 271.460 270.587 0.9554 0.9582
00 271.460 270.470 0.8646 0.8677
00 271.460 270.338 0.9339 0.9388
00 271.460 270.558 0.9578 0.9609
00 271.460 270.568 0.9543 0.9573
00 271.460 270.516 0.8598 0.8629
00 271.460 270.427 0.9434 0.9474
00 271.460 270.552 0.9573 0.9605
00 271.460 270.528 0.9520 0.9554
00 271.460 270.522 0.8535 0.8565
00 271.460 270.415 0.9406 0.9447
00 271.460 270.546 0.9568 0.9600
00 271.460 270.506 0.9502 0.9538
00 271.460 270.512 0.8479 0.8510
00 271.460 270.405 0.9372 0.9413
00 271.460 270.526 0.9552 0.9586
00 271.460 270.465 0.9446 0.9482
00 271.460 270.510 0.8433 0.8463
00 271.644 270.641 0.9441 0.9482
00 271.522 270.541 0.9509 0.9548
00 271.500 270.516 0.9444 0.9483
00 271.460 270.529 0.8411 0.8441
00 272.347 271.354 0.9486 0.9522
00 272.238 271.147 0.9407 0.9454
00 272.209 271.179 0.9425 0.9465
00 271.546 270.623 0.8383 0.8416
00 272.935 271.940 0.9494 0.9532
00 272.881 271.804 0.9453 0.9500
00 272.666 271.533 0.9346 0.9400
00 272.282 271.265 0.8365 0.8395
00 273.371 272.367 0.9489 0.9525
00 273.339 272.254 0.9457 0.9501
00 272.989 271.748 0.9227 0.9290
00 272.525 271.474 0.8336 0.8370
00 273.506 272.493 0.9460 0.9498
00 273.357 272.190 0.9319 0.9370
00 273.221 271.941 0.9165 0.9229
00 272.680 271.615 0.8320 0.8365
00 273.581 272.427 0.9259 0.9307
00 273.434 272.162 0.9093 0.9154
00 273.340 272.053 0.9130 0.9193
00 272.901 271.812 0.8292 0.8335
00 273.851 272.651 0.9179 0.9236
00 273.582 272.435 0.9223 0.9270
00 273.574 272.281 0.9109 0.9171
00 273.151 272.055 0.8290 0.8329
00 274.248 273.015 0.9078 0.9134
00 273.959 272.929 0.9403 0.9442
00 273.754 272.452 0.9084 0.9144
00 273.332 272.232 0.8348 0.8384
00 274.238 273.026 0.9060 0.9115
00 274.136 273.119 0.9419 0.9456
00 274.052 272.728 0.9062 0.9130
00 273.632 272.515 0.8488 0.8532
00 274.540 273.253 0.8845 0.8902
00 274.380 273.355 0.9412 0.9448
00 274.055 272.731 0.9042 0.9110
00 273.850 272.821 0.8721 0.8759
00 274.390 273.119 0.8594 0.8649
00 274.255 273.206 0.9384 0.9423
00 274.040 272.701 0.9001 0.9071
00 273.880 272.919 0.8867 0.8898
00 274.651 273.424 0.8643 0.8690
00 274.494 273.471 0.9435 0.9470
00 274.484 273.108 0.8983 0.9052
00 274.183 273.186 0.8876 0.8907
00 275.124 273.979 0.8855 0.8901
00 275.145 274.134 0.9476 0.9511
00 275.260 273.835 0.8986 0.9061
00 274.805 273.755 0.8834 0.8874
00 275.487 274.299 0.8881 0.8927
00 275.522 274.450 0.9434 0.9473
00 275.507 274.069 0.8969 0.9043
00 275.397 274.309 0.8795 0.8830
00 271.601 270.618 0.9530 0.9569
00 271.498 270.620 0.9603 0.9632
00 271.503 270.382 0.9300 0.9347
00 271.460 270.405 0.8781 0.8816
00 271.465 270.308 0.9311 0.9363
00 271.475 270.603 0.9600 0.9628
00 271.460 270.509 0.9491 0.9527
00 271.460 270.427 0.8776 0.8809
00 271.460 270.374 0.9361 0.9406
00 271.460 270.587 0.9596 0.9624
00 271.460 270.563 0.9542 0.9572
00 271.460 270.440 0.8705 0.8737
00 271.460 270.417 0.9406 0.9447
00 271.460 270.571 0.9583 0.9613
00 271.460 270.542 0.9529 0.9562
00 271.460 270.452 0.8603 0.8633
00 271.460 270.430 0.9418 0.9457
00 271.460 270.560 0.9573 0.9604
00 271.460 270.499 0.9494 0.9529
00 271.460 270.469 0.8512 0.8542
00 271.460 270.394 0.9356 0.9399
00 271.460 270.531 0.9545 0.9579
00 271.460 270.468 0.9458 0.9493
00 271.460 270.493 0.8472 0.8502
00 271.514 270.500 0.9415 0.9455
00 271.514 270.534 0.9493 0.9533
00 271.598 270.595 0.9436 0.9477
00 271.460 270.514 0.8434 0.8464
00 272.742 271.727 0.9479 0.9519
00 272.447 271.405 0.9468 0.9508
00 272.456 271.408 0.9406 0.9446
00 271.507 270.575 0.8402 0.8436
00 273.132 272.127 0.9497 0.9534
00 273.004 271.972 0.9501 0.9542
00 272.748 271.710 0.9427 0.9470
00 272.140 271.134 0.8364 0.8395
00 273.295 272.293 0.9494 0.9530
00 273.405 272.351 0.9487 0.9528
00 272.973 271.870 0.9373 0.9422
00 272.437 271.397 0.8346 0.8375
00 273.460 272.427 0.9452 0.9489
00 273.553 272.460 0.9421 0.9465
00 273.119 271.968 0.9323 0.9375
00 272.700 271.627 0.8311 0.8356
00 273.704 272.483 0.9210 0.9265
00 273.607 272.473 0.9313 0.9360
00 273.462 272.286 0.9298 0.9350
00 272.847 271.772 0.8290 0.8333
00 273.933 272.699 0.9130 0.9190
00 273.816 272.609 0.9174 0.9233
00 273.655 272.452 0.9257 0.9309
00 273.053 271.978 0.8266 0.8305
00 274.149 272.934 0.9050 0.9105
00 274.194 273.043 0.9271 0.9321
00 273.864 272.595 0.9164 0.9229
00 273.524 272.414 0.8274 0.8307
00 274.540 273.281 0.8964 0.9019
00 274.451 273.419 0.9435 0.9471
00 274.026 272.746 0.9145 0.9210
00 273.869 272.726 0.8305 0.8354
00 274.785 273.486 0.8753 0.8811
00 274.646 273.620 0.9431 0.9472
00 274.266 272.977 0.9138 0.9201
00 273.921 272.774 0.8407 0.8455
00 275.079 273.749 0.8597 0.8662
00 274.976 273.920 0.9410 0.9451
00 274.661 273.346 0.9126 0.9187
00 274.467 273.330 0.8594 0.8633
00 275.306 273.952 0.8526 0.8590
00 275.307 274.241 0.9425 0.9465
00 274.991 273.617 0.9064 0.9136
00 274.766 273.701 0.8777 0.8819
00 275.372 274.161 0.8813 0.8863
00 275.442 274.412 0.9470 0.9505
00 275.091 273.715 0.9052 0.9124
00 274.986 273.939 0.8852 0.8890
00 275.750 274.556 0.8877 0.8932
00 275.624 274.573 0.9460 0.9502
00 275.212 273.837 0.9048 0.9118
00 274.948 273.910 0.8850 0.8887
00 272.019 271.080 0.9581 0.9614
00 271.696 270.815 0.9606 0.9634
00 271.784 270.582 0.9135 0.9196
00 271.496 270.336 0.8835 0.8882
00 272.012 271.026 0.9533 0.9570
00 271.675 270.813 0.9613 0.9639
00 271.785 270.568 0.9180 0.9243
00 271.467 270.403 0.8877 0.8914
00 271.964 270.778 0.9300 0.9358
00 271.754 270.894 0.9613 0.9638
00 271.553 270.467 0.9360 0.9404
00 271.460 270.408 0.8888 0.8924
00 272.005 270.917 0.9370 0.9418
00 271.897 271.025 0.9597 0.9623
00 271.782 270.808 0.9496 0.9533
00 271.460 270.423 0.8882 0.8917
00 271.478 270.486 0.9441 0.9478
00 271.503 270.645 0.9597 0.9623
00 271.479 270.546 0.9519 0.9554
00 271.460 270.413 0.8797 0.8832
00 271.460 270.454 0.9426 0.9463
00 271.463 270.594 0.9583 0.9611
00 271.460 270.498 0.9483 0.9519
00 271.460 270.434 0.8637 0.8668
00 271.460 270.449 0.9414 0.9451
00 271.460 270.585 0.9586 0.9615
00 271.460 270.499 0.9498 0.9533
00 271.460 270.459 0.8491 0.8522
00 271.460 270.482 0.9459 0.9493
00 271.460 270.555 0.9562 0.9593
00 271.460 270.464 0.9454 0.9490
00 271.460 270.493 0.8464 0.8494
00 272.119 271.140 0.9493 0.9529
00 272.029 271.060 0.9524 0.9559
00 272.056 270.986 0.9377 0.9423
00 271.461 270.518 0.8435 0.8465
00 273.339 272.331 0.9506 0.9542
00 273.007 272.003 0.9528 0.9566
00 272.709 271.683 0.9429 0.9471
00 272.088 271.075 0.8401 0.8434
00 273.817 272.787 0.9492 0.9532
00 273.597 272.560 0.9510 0.9552
00 273.248 272.262 0.9498 0.9533
00 272.677 271.593 0.8369 0.8416
00 273.817 272.716 0.9410 0.9458
00 273.892 272.822 0.9467 0.9511
00 273.236 272.230 0.9474 0.9510
00 273.018 271.893 0.8321 0.8366
00 273.733 272.491 0.9185 0.9243
00 273.975 272.877 0.9410 0.9457
00 273.360 272.327 0.9444 0.9482
00 273.151 272.036 0.8281 0.8323
00 273.811 272.572 0.9072 0.9133
00 273.899 272.775 0.9322 0.9372
00 273.537 272.477 0.9413 0.9453
00 273.147 272.069 0.8248 0.8285
00 274.251 273.022 0.8984 0.9040
00 274.216 272.998 0.9192 0.9248
00 273.940 272.802 0.9330 0.9381
00 273.507 272.404 0.8221 0.8254
00 274.679 273.381 0.8860 0.8916
00 274.505 273.374 0.9329 0.9375
00 274.149 272.935 0.9227 0.9283
00 273.952 272.810 0.8240 0.8287
00 274.932 273.611 0.8716 0.8782
00 274.940 273.877 0.9425 0.9467
00 274.163 272.938 0.9199 0.9256
00 274.181 273.042 0.8328 0.8370
00 275.116 273.794 0.8595 0.8658
00 275.178 274.133 0.9437 0.9476
00 274.433 273.217 0.9231 0.9285
00 274.394 273.222 0.8390 0.8432
00 275.219 273.879 0.8475 0.8538
00 275.343 274.292 0.9431 0.9469
00 274.891 273.598 0.9150 0.9216
00 274.737 273.548 0.8463 0.8515
00 275.310 274.023 0.8625 0.8682
00 275.434 274.375 0.9426 0.9464
00 275.001 273.707 0.9141 0.9205
00 274.889 273.782 0.8606 0.8650
00 275.503 274.258 0.8727 0.8778
00 275.463 274.415 0.9446 0.9483
00 275.114 273.813 0.9127 0.9191
00 275.024 273.984 0.8752 0.8787
00 272.475 271.521 0.9583 0.9619
00 271.994 271.113 0.9616 0.9642
00 271.866 270.670 0.9131 0.9191
00 271.600 270.467 0.8930 0.8976
00 271.494 270.354 0.9297 0.9346
00 271.294 270.448 0.9612 0.9634
00 271.329 270.214 0.9326 0.9375
00 271.460 270.350 0.8882 0.8924
00 271.460 270.497 0.9477 0.9512
00 271.460 270.631 0.9617 0.9641
00 271.460 270.471 0.9468 0.9504
00 271.460 270.424 0.8647 0.8679
00 271.460 270.521 0.9501 0.9537
00 271.460 270.583 0.9570 0.9598
00 271.460 270.495 0.9489 0.9525
00 271.460 270.453 0.8485 0.8516
00 271.467 270.528 0.9509 0.9544
00 271.588 270.682 0.9569 0.9600
00 271.963 270.916 0.9412 0.9455
00 271.460 270.489 0.8469 0.8500
00 273.203 272.196 0.9503 0.9541
00 272.843 271.897 0.9574 0.9607
00 272.882 271.826 0.9417 0.9461
00 271.939 270.926 0.8448 0.8484
00 273.653 272.613 0.9479 0.9521
00 273.559 272.570 0.9550 0.9588
00 273.420 272.414 0.9475 0.9511
00 272.957 271.808 0.8400 0.8449
00 273.892 272.719 0.9323 0.9378
00 273.692 272.663 0.9505 0.9546
00 273.364 272.390 0.9491 0.9524
00 273.159 271.989 0.8353 0.8401
00 273.902 272.653 0.9176 0.9238
00 273.847 272.777 0.9449 0.9494
00 273.458 272.485 0.9485 0.9518
00 273.287 272.121 0.8299 0.8343
00 273.971 272.730 0.9029 0.9089
00 274.025 272.914 0.9372 0.9420
00 273.601 272.616 0.9469 0.9506
00 273.504 272.352 0.8252 0.8290
00 274.375 273.148 0.8964 0.9018
00 274.320 273.186 0.9315 0.9362
00 273.894 272.876 0.9442 0.9481
00 273.772 272.616 0.8215 0.8267
00 274.721 273.448 0.8887 0.8941
00 274.801 273.589 0.9224 0.9282
00 274.386 273.288 0.9372 0.9415
00 274.251 273.053 0.8205 0.8252
00 274.915 273.619 0.8770 0.8834
00 274.908 273.748 0.9320 0.9372
00 274.532 273.375 0.9293 0.9340
00 274.350 273.186 0.8239 0.8280
00 275.050 273.716 0.8554 0.8619
00 274.980 273.916 0.9429 0.9471
00 274.802 273.624 0.9278 0.9333
00 274.336 273.234 0.8315 0.8351
00 275.196 273.869 0.8467 0.8529
00 275.191 274.152 0.9438 0.9476
00 274.996 273.809 0.9270 0.9324
00 274.769 273.645 0.8332 0.8379
00 275.441 274.118 0.8502 0.8559
00 275.524 274.469 0.9431 0.9469
00 275.068 273.864 0.9241 0.9296
00 274.977 273.877 0.8359 0.8400
00 275.595 274.276 0.8526 0.8581
00 275.594 274.531 0.9424 0.9468
00 275.130 273.911 0.9219 0.9275
00 275.066 274.013 0.8440 0.8475
00 271.460 270.501 0.9458 0.9493
00 271.460 270.597 0.9593 0.9620
00 271.460 270.521 0.9522 0.9558
00 271.460 270.412 0.8580 0.8612
00 271.461 270.517 0.9495 0.9530
00 271.460 270.591 0.9604 0.9632
00 271.464 270.506 0.9490 0.9525
00 271.460 270.440 0.8534 0.8564
00 273.020 272.038 0.9508 0.9543
00 272.690 271.767 0.9591 0.9622
00 272.529 271.522 0.9462 0.9503
00 271.945 270.892 0.8502 0.8542
00 274.117 273.042 0.9447 0.9490
00 273.416 272.444 0.9563 0.9595
00 273.387 272.383 0.9477 0.9513
00 272.868 271.714 0.8468 0.8520
00 273.981 272.788 0.9276 0.9333
00 273.819 272.794 0.9518 0.9558
00 273.563 272.570 0.9478 0.9516
00 273.179 271.981 0.8414 0.8464
00 274.060 272.796 0.9158 0.9220
00 274.002 272.946 0.9477 0.9520
00 273.638 272.650 0.9473 0.9510
00 273.375 272.161 0.8366 0.8414
00 274.162 272.893 0.8970 0.9030
00 274.288 273.185 0.9421 0.9466
00 273.927 272.963 0.9492 0.9525
00 273.728 272.494 0.8304 0.8355
00 274.383 273.147 0.8925 0.8979
00 274.458 273.292 0.9320 0.9370
00 274.031 273.065 0.9484 0.9517
00 273.701 272.517 0.8240 0.8289
00 274.749 273.460 0.8850 0.8906
00 274.670 273.529 0.9327 0.9379
00 274.173 273.186 0.9459 0.9492
00 273.994 272.809 0.8217 0.8268
00 274.839 273.551 0.8801 0.8865
00 274.610 273.434 0.9238 0.9287
00 274.151 273.146 0.9436 0.9472
00 274.141 272.968 0.8199 0.8244
00 274.985 273.673 0.8651 0.8715
00 275.126 273.929 0.9260 0.9314
00 274.687 273.605 0.9362 0.9408
00 274.172 273.045 0.8180 0.8220
00 275.226 273.893 0.8497 0.8559
00 275.252 274.176 0.9429 0.9470
00 275.020 273.874 0.9301 0.9350
00 274.360 273.296 0.8224 0.8255
00 275.546 274.199 0.8430 0.8488
00 275.653 274.602 0.9441 0.9483
00 275.078 273.929 0.9292 0.9342
00 274.567 273.594 0.8293 0.8328
00 276.221 274.826 0.8441 0.8508
00 276.263 275.177 0.9422 0.9463
00 275.323 274.175 0.9301 0.9349
00 274.897 273.987 0.8405 0.8428
00 274.897 273.987 0.8405 0.8428
