00 271.524 270.693 0.9556 0.9579
00 272.122 271.021 0.9209 0.9256
00 272.029 270.949 0.9073 0.9118
00 272.817 271.883 0.9281 0.9312
00 271.481 270.624 0.9522 0.9548
00 272.019 270.936 0.9249 0.9295
00 271.848 270.741 0.8755 0.8804
00 272.705 271.787 0.9326 0.9356
00 271.476 270.604 0.9506 0.9535
00 271.922 270.949 0.9423 0.9459
00 271.925 270.891 0.8562 0.8601
00 272.682 271.740 0.9320 0.9353
00 271.460 270.563 0.9494 0.9525
00 271.555 270.632 0.9442 0.9475
00 271.752 270.839 0.8441 0.8470
00 272.715 271.725 0.9226 0.9264
00 271.460 270.502 0.9411 0.9445
00 271.460 270.463 0.9311 0.9346
00 271.460 270.618 0.8463 0.8489
00 271.847 270.885 0.9144 0.9178
00 271.460 270.427 0.9241 0.9279
00 271.460 270.442 0.9264 0.9300
00 271.460 270.629 0.8447 0.8471
00 271.460 270.535 0.9146 0.9180
00 271.460 270.353 0.8995 0.9038
00 271.460 270.433 0.9244 0.9281
00 271.460 270.653 0.8435 0.8457
00 271.460 270.553 0.9176 0.9208
00 271.460 270.400 0.8794 0.8831
00 271.460 270.407 0.9199 0.9239
00 271.460 270.684 0.8441 0.8459
00 271.460 270.555 0.9154 0.9185
00 271.460 270.491 0.8643 0.8674
00 271.460 270.417 0.9183 0.9221
00 271.460 270.716 0.8460 0.8475
00 271.460 270.566 0.9074 0.9105
00 271.460 270.526 0.8546 0.8577
00 271.460 270.428 0.9153 0.9190
00 271.460 270.758 0.8491 0.8501
00 271.468 270.577 0.9031 0.9061
00 271.460 270.546 0.8528 0.8559
00 271.460 270.436 0.9123 0.9159
00 271.486 270.839 0.8632 0.8636
00 271.567 270.656 0.9008 0.9039
00 271.460 270.589 0.8551 0.8580
00 271.458 270.446 0.9110 0.9144
00 271.710 271.014 0.8735 0.8742
00 271.919 270.969 0.8997 0.9029
00 271.459 270.659 0.8609 0.8630
00 271.731 270.690 0.9119 0.9163
00 272.316 271.460 0.8771 0.8788
00 272.455 271.451 0.9020 0.9051
00 271.551 270.769 0.8648 0.8665
00 272.171 271.100 0.9169 0.9212
00 272.259 271.323 0.8711 0.8735
00 272.635 271.602 0.9026 0.9069
00 271.639 270.840 0.8649 0.8667
00 272.301 271.257 0.9224 0.9264
00 272.250 271.319 0.8491 0.8513
00 272.844 271.769 0.9018 0.9063
00 271.718 270.901 0.8634 0.8653
00 272.349 271.335 0.9255 0.9291
00 272.057 271.268 0.8129 0.8136
00 272.862 271.761 0.9003 0.9051
00 272.107 271.248 0.8628 0.8646
00 272.406 271.350 0.9207 0.9246
00 272.499 271.779 0.8047 0.8058
00 272.835 271.727 0.9006 0.9055
00 272.174 271.300 0.8600 0.8618
00 272.804 271.723 0.9225 0.9272
00 272.422 271.820 0.8152 0.8152
00 272.855 271.748 0.9017 0.9065
00 272.415 271.563 0.9572 0.9597
00 272.340 271.231 0.9185 0.9231
00 272.336 271.240 0.9067 0.9110
00 272.990 272.046 0.9277 0.9307
00 272.193 271.320 0.9532 0.9556
00 272.113 271.024 0.9259 0.9306
00 272.165 271.029 0.8781 0.8829
00 272.802 271.877 0.9341 0.9371
00 271.887 271.006 0.9504 0.9531
00 271.861 270.917 0.9447 0.9480
00 272.062 271.004 0.8571 0.8611
00 272.718 271.757 0.9262 0.9297
00 271.460 270.578 0.9488 0.9517
00 271.490 270.520 0.9366 0.9404
00 271.505 270.617 0.8434 0.8463
00 272.313 271.340 0.9142 0.9173
00 271.460 270.545 0.9469 0.9502
00 271.460 270.434 0.9281 0.9318
00 271.460 270.619 0.8451 0.8477
00 271.490 270.564 0.9114 0.9147
00 271.460 270.477 0.9340 0.9374
00 271.460 270.443 0.9281 0.9318
00 271.460 270.636 0.8466 0.8489
00 271.460 270.548 0.9160 0.9193
00 271.460 270.405 0.9172 0.9211
00 271.460 270.412 0.9229 0.9269
00 271.460 270.654 0.8443 0.8465
00 271.460 270.565 0.9200 0.9231
00 271.460 270.355 0.8950 0.8993
00 271.460 270.388 0.9177 0.9219
00 271.460 270.681 0.8456 0.8475
00 271.460 270.575 0.9206 0.9236
00 271.460 270.422 0.8778 0.8812
00 271.460 270.403 0.9169 0.9208
00 271.460 270.716 0.8470 0.8485
00 271.460 270.584 0.9169 0.9198
00 271.460 270.498 0.8652 0.8683
00 271.460 270.424 0.9191 0.9228
00 271.460 270.766 0.8524 0.8533
00 271.464 270.585 0.9102 0.9131
00 271.460 270.527 0.8560 0.8591
00 271.460 270.397 0.9131 0.9171
00 271.485 270.832 0.8637 0.8642
00 271.573 270.682 0.9033 0.9062
00 271.460 270.567 0.8542 0.8573
00 271.486 270.413 0.9101 0.9142
00 271.770 271.066 0.8723 0.8729
00 272.257 271.298 0.9033 0.9062
00 271.460 270.599 0.8549 0.8576
00 271.614 270.537 0.9120 0.9169
00 272.018 271.219 0.8776 0.8789
00 272.432 271.428 0.9023 0.9054
00 271.571 270.711 0.8553 0.8579
00 272.045 270.947 0.9154 0.9201
00 272.268 271.387 0.8796 0.8814
00 272.620 271.569 0.9000 0.9044
00 271.958 271.069 0.8572 0.8594
00 272.313 271.265 0.9228 0.9268
00 272.366 271.430 0.8621 0.8643
00 273.046 271.947 0.9010 0.9055
00 272.315 271.374 0.8572 0.8594
00 272.349 271.355 0.9275 0.9309
00 272.432 271.544 0.8349 0.8376
00 273.095 271.978 0.9007 0.9053
00 272.291 271.322 0.8563 0.8588
00 272.697 271.686 0.9262 0.9302
00 272.382 271.630 0.8165 0.8181
00 273.017 271.908 0.9012 0.9059
00 272.117 271.117 0.8533 0.8564
00 272.841 271.823 0.9270 0.9310
00 272.351 271.740 0.8207 0.8209
00 272.858 271.764 0.9019 0.9066
00 272.387 271.533 0.9567 0.9592
00 272.178 271.091 0.9219 0.9264
00 272.383 271.308 0.9089 0.9130
00 273.136 272.146 0.9192 0.9226
00 272.261 271.389 0.9529 0.9552
00 272.069 271.106 0.9446 0.9480
00 272.182 271.051 0.8811 0.8858
00 273.005 272.055 0.9307 0.9338
00 271.786 270.912 0.9497 0.9524
00 271.686 270.727 0.9419 0.9455
00 271.824 270.779 0.8580 0.8622
00 272.837 271.881 0.9298 0.9331
00 271.460 270.587 0.9482 0.9510
00 271.460 270.411 0.9268 0.9307
00 271.460 270.564 0.8446 0.8477
00 272.120 271.161 0.9156 0.9187
00 271.460 270.571 0.9474 0.9504
00 271.460 270.419 0.9258 0.9297
00 271.460 270.619 0.8414 0.8440
00 271.460 270.538 0.9101 0.9134
00 271.460 270.534 0.9429 0.9463
00 271.460 270.427 0.9264 0.9302
00 271.460 270.659 0.8474 0.8495
00 271.460 270.535 0.9083 0.9116
00 271.460 270.462 0.9294 0.9328
00 271.460 270.429 0.9267 0.9305
00 271.460 270.672 0.8473 0.8493
00 271.460 270.539 0.9101 0.9134
00 271.460 270.395 0.9137 0.9177
00 271.460 270.417 0.9236 0.9274
00 271.462 270.696 0.8486 0.8503
00 271.461 270.549 0.9170 0.9203
00 271.460 270.358 0.8934 0.8977
00 271.460 270.402 0.9191 0.9231
00 271.540 270.794 0.8500 0.8514
00 271.502 270.604 0.9211 0.9242
00 271.460 270.420 0.8757 0.8791
00 271.460 270.430 0.9205 0.9242
00 271.501 270.807 0.8553 0.8562
00 271.546 270.661 0.9192 0.9221
00 271.460 270.480 0.8679 0.8710
00 271.490 270.470 0.9211 0.9247
00 271.488 270.828 0.8643 0.8648
00 271.616 270.721 0.9134 0.9163
00 271.460 270.503 0.8585 0.8616
00 271.675 270.640 0.9204 0.9248
00 271.924 271.202 0.8712 0.8718
00 272.237 271.280 0.9048 0.9077
00 271.460 270.536 0.8544 0.8575
00 271.863 270.819 0.9207 0.9250
00 272.113 271.333 0.8771 0.8780
00 272.504 271.518 0.9024 0.9060
00 271.508 270.584 0.8534 0.8568
00 272.038 271.011 0.9224 0.9264
00 272.130 271.328 0.8850 0.8862
00 272.591 271.575 0.9022 0.9063
00 271.870 270.896 0.8547 0.8580
00 272.269 271.243 0.9225 0.9263
00 272.243 271.386 0.8812 0.8828
00 272.722 271.663 0.8997 0.9041
00 272.068 271.045 0.8550 0.8585
00 272.731 271.693 0.9237 0.9280
00 272.277 271.420 0.8574 0.8587
00 272.958 271.857 0.8969 0.9015
00 272.066 271.022 0.8558 0.8596
00 272.918 271.900 0.9272 0.9311
00 272.660 271.844 0.8349 0.8367
00 272.850 271.760 0.8987 0.9033
00 272.240 271.149 0.8524 0.8564
00 273.548 272.516 0.9294 0.9334
00 272.855 272.154 0.8314 0.8317
00 273.174 272.063 0.9010 0.9055
00 272.259 271.391 0.9544 0.9567
00 272.071 271.087 0.9399 0.9435
00 272.485 271.432 0.9139 0.9176
00 273.196 272.222 0.9196 0.9227
00 272.205 271.334 0.9521 0.9544
00 272.241 271.301 0.9476 0.9507
00 272.398 271.246 0.8838 0.8885
00 273.123 272.154 0.9204 0.9236
00 271.631 270.764 0.9487 0.9513
00 271.757 270.773 0.9397 0.9435
00 271.748 270.699 0.8607 0.8651
00 272.231 271.326 0.9258 0.9283
00 271.460 270.585 0.9461 0.9490
00 271.460 270.436 0.9299 0.9336
00 271.460 270.539 0.8483 0.8513
00 271.461 270.590 0.9254 0.9282
00 271.460 270.587 0.9464 0.9492
00 271.460 270.455 0.9319 0.9355
00 271.460 270.613 0.8414 0.8440
00 271.460 270.561 0.9159 0.9190
00 271.460 270.577 0.9469 0.9498
00 271.460 270.465 0.9325 0.9359
00 271.460 270.665 0.8445 0.8465
00 271.460 270.556 0.9173 0.9204
00 271.460 270.523 0.9385 0.9419
00 271.460 270.433 0.9257 0.9294
00 271.460 270.696 0.8495 0.8512
00 271.460 270.534 0.9101 0.9134
00 271.460 270.466 0.9292 0.9327
00 271.460 270.427 0.9245 0.9283
00 271.460 270.719 0.8542 0.8556
00 271.460 270.530 0.9052 0.9085
00 271.460 270.411 0.9175 0.9214
00 271.460 270.425 0.9225 0.9263
00 271.460 270.738 0.8567 0.8579
00 271.461 270.535 0.9056 0.9089
00 271.460 270.356 0.8940 0.8983
00 271.460 270.427 0.9220 0.9257
00 271.466 270.769 0.8592 0.8602
00 271.527 270.607 0.9116 0.9149
00 271.460 270.401 0.8774 0.8810
00 271.476 270.451 0.9214 0.9251
00 271.510 270.832 0.8647 0.8654
00 271.763 270.838 0.9181 0.9213
00 271.460 270.452 0.8695 0.8726
00 271.519 270.493 0.9204 0.9244
00 272.018 271.287 0.8708 0.8713
00 272.330 271.376 0.9196 0.9225
00 271.460 270.456 0.8661 0.8692
00 271.618 270.596 0.9214 0.9257
00 272.148 271.393 0.8775 0.8781
00 272.491 271.520 0.9152 0.9187
00 271.460 270.470 0.8600 0.8631
00 271.945 270.925 0.9235 0.9275
00 272.184 271.437 0.8889 0.8895
00 272.681 271.668 0.9068 0.9108
00 271.540 270.541 0.8569 0.8607
00 272.269 271.246 0.9238 0.9276
00 272.401 271.627 0.8948 0.8966
00 272.783 271.745 0.9028 0.9069
00 272.298 271.197 0.8593 0.8633
00 272.847 271.827 0.9289 0.9329
00 272.407 271.609 0.8814 0.8834
00 273.031 271.960 0.9004 0.9047
00 272.626 271.475 0.8588 0.8633
00 272.756 271.749 0.9279 0.9318
00 272.454 271.707 0.8599 0.8613
00 273.050 271.970 0.8996 0.9040
00 272.632 271.480 0.8570 0.8616
00 272.477 271.509 0.9300 0.9335
00 272.569 271.928 0.8482 0.8484
00 272.987 271.901 0.8997 0.9042
00 272.313 271.389 0.9506 0.9535
00 272.122 271.117 0.9342 0.9380
00 272.561 271.641 0.9411 0.9443
00 273.069 272.140 0.9272 0.9300
00 272.045 271.137 0.9498 0.9526
00 271.977 271.048 0.9460 0.9491
00 272.374 271.370 0.9186 0.9220
00 272.959 272.018 0.9183 0.9213
00 271.727 270.843 0.9497 0.9525
00 271.757 270.823 0.9454 0.9487
00 271.923 270.811 0.8848 0.8897
00 272.255 271.379 0.9253 0.9275
00 271.462 270.592 0.9481 0.9509
00 271.462 270.526 0.9446 0.9481
00 271.460 270.425 0.8615 0.8647
00 271.472 270.645 0.9271 0.9294
00 271.460 270.584 0.9448 0.9476
00 271.460 270.507 0.9407 0.9442
00 271.460 270.512 0.8511 0.8541
00 271.460 270.620 0.9253 0.9277
00 271.460 270.578 0.9442 0.9471
00 271.460 270.510 0.9406 0.9441
00 271.460 270.597 0.8478 0.8506
00 271.460 270.597 0.9245 0.9272
00 271.460 270.590 0.9452 0.9479
00 271.460 270.502 0.9365 0.9399
00 271.460 270.646 0.8418 0.8441
00 271.460 270.583 0.9256 0.9285
00 271.460 270.573 0.9432 0.9462
00 271.460 270.457 0.9275 0.9310
00 271.460 270.705 0.8475 0.8491
00 271.460 270.573 0.9238 0.9268
00 271.460 270.526 0.9373 0.9407
00 271.460 270.439 0.9250 0.9286
00 271.460 270.730 0.8537 0.8550
00 271.460 270.563 0.9159 0.9190
00 271.460 270.478 0.9306 0.9340
00 271.460 270.430 0.9239 0.9276
00 271.462 270.750 0.8588 0.8599
00 271.474 270.572 0.9132 0.9163
00 271.460 270.435 0.9229 0.9266
00 271.460 270.431 0.9236 0.9273
00 271.463 270.765 0.8627 0.8637
00 271.536 270.614 0.9076 0.9108
00 271.460 270.367 0.9003 0.9045
00 271.464 270.439 0.9235 0.9271
00 271.486 270.800 0.8658 0.8666
00 271.584 270.649 0.9051 0.9085
00 271.460 270.382 0.8828 0.8866
00 271.460 270.442 0.9233 0.9269
00 271.857 271.143 0.8709 0.8715
00 272.217 271.221 0.9058 0.9092
00 271.460 270.418 0.8728 0.8762
00 271.471 270.465 0.9232 0.9267
00 272.037 271.312 0.8774 0.8778
00 272.562 271.531 0.9069 0.9111
00 271.478 270.427 0.8698 0.8732
00 271.591 270.610 0.9270 0.9309
00 272.104 271.385 0.8872 0.8876
00 272.599 271.562 0.9073 0.9117
00 271.791 270.702 0.8670 0.8717
00 272.009 271.035 0.9290 0.9325
00 272.106 271.417 0.8961 0.8962
00 272.558 271.538 0.9087 0.9128
00 272.103 270.976 0.8642 0.8689
00 272.598 271.627 0.9321 0.9358
00 272.241 271.531 0.8941 0.8952
00 272.957 271.924 0.9088 0.9128
00 272.706 271.516 0.8638 0.8691
00 273.054 272.081 0.9369 0.9403
00 272.617 271.887 0.8771 0.8781
00 273.162 272.108 0.9063 0.9102
00 273.057 271.834 0.8637 0.8694
00 273.039 272.064 0.9328 0.9362
00 272.827 272.170 0.8644 0.8643
00 273.195 272.122 0.9020 0.9060
00 271.460 270.527 0.9394 0.9429
00 271.460 270.527 0.9462 0.9497
00 271.487 270.586 0.9455 0.9486
00 271.552 270.684 0.9370 0.9397
00 271.483 270.660 0.9257 0.9279
00 271.478 270.557 0.9462 0.9495
00 271.514 270.616 0.9469 0.9499
00 271.548 270.640 0.9255 0.9286
00 271.469 270.640 0.9166 0.9190
00 271.469 270.566 0.9471 0.9502
00 271.479 270.567 0.9460 0.9492
00 271.522 270.448 0.8868 0.8906
00 271.460 270.630 0.9184 0.9208
00 271.460 270.570 0.9471 0.9501
00 271.460 270.538 0.9444 0.9478
00 271.461 270.404 0.8624 0.8658
00 271.460 270.616 0.9211 0.9237
00 271.460 270.574 0.9446 0.9475
00 271.460 270.532 0.9431 0.9465
00 271.460 270.481 0.8532 0.8562
00 271.460 270.592 0.9207 0.9235
00 271.460 270.564 0.9411 0.9442
00 271.460 270.537 0.9427 0.9461
00 271.460 270.577 0.8516 0.8546
00 271.460 270.567 0.9205 0.9236
00 271.460 270.575 0.9422 0.9452
00 271.460 270.536 0.9399 0.9433
00 271.460 270.633 0.8497 0.8521
00 271.460 270.553 0.9201 0.9233
00 271.460 270.589 0.9443 0.9471
00 271.460 270.519 0.9353 0.9388
00 271.460 270.670 0.8403 0.8423
00 271.460 270.549 0.9172 0.9205
00 271.460 270.577 0.9429 0.9458
00 271.460 270.492 0.9305 0.9339
00 271.460 270.720 0.8472 0.8487
00 271.460 270.544 0.9135 0.9168
00 271.460 270.540 0.9389 0.9422
00 271.460 270.481 0.9290 0.9324
00 271.463 270.745 0.8557 0.8569
00 271.460 270.551 0.9134 0.9166
00 271.460 270.502 0.9341 0.9376
00 271.463 270.470 0.9260 0.9294
00 271.754 271.018 0.8625 0.8635
00 271.460 270.557 0.9130 0.9162
00 271.460 270.461 0.9274 0.9308
00 271.505 270.506 0.9248 0.9287
00 271.784 271.056 0.8668 0.8676
00 271.460 270.556 0.9106 0.9138
00 271.461 270.401 0.9115 0.9155
00 271.560 270.570 0.9256 0.9296
00 271.738 271.033 0.8722 0.8729
00 271.460 270.549 0.9080 0.9113
00 271.460 270.358 0.8922 0.8965
00 271.534 270.566 0.9268 0.9306
00 272.143 271.409 0.8777 0.8782
00 271.460 270.528 0.9037 0.9069
00 271.475 270.375 0.8768 0.8809
00 271.764 270.810 0.9292 0.9327
00 272.527 271.768 0.8832 0.8847
00 271.466 270.514 0.9016 0.9049
00 271.708 270.593 0.8704 0.8755
00 272.007 271.081 0.9344 0.9373
00 272.672 271.943 0.8934 0.8943
00 271.694 270.701 0.9005 0.9044
00 272.002 270.861 0.8711 0.8761
00 272.002 271.098 0.9376 0.9404
00 272.613 271.917 0.8939 0.8946
00 272.270 271.228 0.9003 0.9041
00 272.331 271.164 0.8724 0.8772
00 272.324 271.432 0.9402 0.9426
00 273.096 272.356 0.8860 0.8866
00 272.617 271.577 0.9041 0.9084
00 272.940 271.724 0.8748 0.8806
00 272.926 272.035 0.9428 0.9455
00 273.563 272.834 0.8740 0.8750
00 272.879 271.864 0.9080 0.9118
00 272.898 271.870 0.9460 0.9501
00 273.026 271.993 0.9340 0.9380
00 273.507 272.594 0.9498 0.9528
00 271.460 270.619 0.9173 0.9198
00 271.460 270.484 0.9444 0.9479
00 271.460 270.559 0.9437 0.9469
00 271.460 270.636 0.9404 0.9427
00 271.460 270.641 0.9181 0.9204
00 271.460 270.495 0.9437 0.9472
00 271.460 270.570 0.9463 0.9493
00 271.460 270.638 0.9357 0.9380
00 271.460 270.630 0.9181 0.9205
00 271.460 270.511 0.9440 0.9475
00 271.460 270.553 0.9449 0.9481
00 271.460 270.590 0.9313 0.9341
00 271.460 270.618 0.9075 0.9100
00 271.460 270.528 0.9441 0.9475
00 271.460 270.539 0.9432 0.9465
00 271.460 270.412 0.8933 0.8969
00 271.460 270.596 0.9017 0.9044
00 271.460 270.550 0.9457 0.9489
00 271.460 270.532 0.9414 0.9448
00 271.460 270.389 0.8664 0.8700
00 271.460 270.563 0.8954 0.8985
00 271.460 270.561 0.9453 0.9484
00 271.460 270.539 0.9417 0.9450
00 271.460 270.458 0.8570 0.8601
00 271.460 270.523 0.8904 0.8936
00 271.460 270.561 0.9417 0.9448
00 271.460 270.550 0.9426 0.9458
00 271.460 270.534 0.8518 0.8549
00 271.460 270.483 0.8880 0.8912
00 271.460 270.558 0.9378 0.9410
00 271.460 270.551 0.9406 0.9438
00 271.460 270.628 0.8574 0.8598
00 271.460 270.461 0.8863 0.8895
00 271.460 270.570 0.9389 0.9419
00 271.460 270.540 0.9366 0.9399
00 271.460 270.647 0.8489 0.8511
00 271.460 270.457 0.8889 0.8921
00 271.460 270.583 0.9408 0.9437
00 271.460 270.540 0.9354 0.9387
00 271.460 270.684 0.8385 0.8403
00 271.460 270.468 0.8935 0.8968
00 271.460 270.584 0.9420 0.9449
00 271.460 270.546 0.9355 0.9387
00 271.466 270.731 0.8465 0.8479
00 271.460 270.485 0.8986 0.9018
00 271.460 270.556 0.9398 0.9429
00 271.502 270.591 0.9359 0.9391
00 271.707 270.962 0.8549 0.8561
00 271.460 270.501 0.9017 0.9050
00 271.514 270.575 0.9361 0.9396
00 271.807 270.880 0.9347 0.9379
00 271.843 271.094 0.8632 0.8642
00 271.465 270.517 0.9043 0.9076
00 271.687 270.701 0.9309 0.9347
00 272.139 271.207 0.9355 0.9384
00 271.856 271.112 0.8690 0.8699
00 271.540 270.615 0.9069 0.9102
00 271.713 270.677 0.9228 0.9271
00 271.565 270.680 0.9371 0.9399
00 272.209 271.441 0.8747 0.8754
00 271.734 270.805 0.9069 0.9100
00 271.863 270.746 0.9073 0.9124
00 271.506 270.648 0.9393 0.9420
00 272.622 271.836 0.8810 0.8827
00 272.082 271.122 0.9045 0.9076
00 272.184 270.995 0.8938 0.8992
00 272.221 271.356 0.9428 0.9450
00 272.885 272.113 0.8889 0.8900
00 271.788 270.833 0.9040 0.9074
00 272.072 270.879 0.8800 0.8855
00 272.057 271.218 0.9447 0.9468
00 272.651 271.945 0.8953 0.8961
00 272.135 271.123 0.9003 0.9039
00 272.202 271.021 0.8737 0.8789
00 272.162 271.314 0.9440 0.9461
00 272.858 272.146 0.8944 0.8950
00 272.373 271.323 0.8984 0.9021
00 272.495 271.306 0.8724 0.8772
00 272.338 271.460 0.9403 0.9426
00 272.853 272.180 0.8848 0.8849
00 272.507 271.453 0.8997 0.9033
00 272.678 271.616 0.9402 0.9448
00 272.457 271.530 0.9456 0.9489
00 272.913 272.035 0.9379 0.9404
00 271.460 270.644 0.9118 0.9140
00 271.460 270.477 0.9402 0.9437
00 271.460 270.567 0.9453 0.9483
00 271.460 270.666 0.9390 0.9410
00 271.460 270.632 0.9140 0.9164
00 271.460 270.500 0.9425 0.9459
00 271.460 270.532 0.9410 0.9444
00 271.460 270.621 0.9388 0.9412
00 271.460 270.614 0.9075 0.9100
00 271.460 270.502 0.9417 0.9452
00 271.460 270.508 0.9375 0.9410
00 271.460 270.447 0.9043 0.9076
00 271.460 270.602 0.8937 0.8963
00 271.460 270.516 0.9423 0.9458
00 271.460 270.503 0.9363 0.9397
00 271.460 270.369 0.8724 0.8763
00 271.460 270.585 0.8873 0.8902
00 271.460 270.539 0.9436 0.9469
00 271.460 270.493 0.9334 0.9369
00 271.460 270.430 0.8608 0.8639
00 271.460 270.554 0.8816 0.8848
00 271.460 270.548 0.9419 0.9452
00 271.460 270.503 0.9336 0.9370
00 271.460 270.490 0.8524 0.8555
00 271.460 270.520 0.8756 0.8788
00 271.460 270.542 0.9367 0.9400
00 271.460 270.515 0.9332 0.9366
00 271.460 270.572 0.8505 0.8535
00 271.460 270.495 0.8712 0.8743
00 271.460 270.555 0.9357 0.9389
00 271.460 270.531 0.9339 0.9373
00 271.460 270.650 0.8578 0.8600
00 271.460 270.482 0.8714 0.8746
00 271.460 270.556 0.9338 0.9370
00 271.460 270.561 0.9377 0.9408
00 271.460 270.666 0.8502 0.8523
00 271.460 270.474 0.8729 0.8760
00 271.460 270.566 0.9342 0.9373
00 271.460 270.578 0.9400 0.9429
00 271.461 270.705 0.8372 0.8389
00 271.460 270.467 0.8752 0.8783
00 271.460 270.576 0.9365 0.9395
00 271.465 270.596 0.9411 0.9439
00 271.715 270.962 0.8436 0.8448
00 271.460 270.460 0.8791 0.8823
00 271.460 270.572 0.9383 0.9413
00 272.130 271.241 0.9418 0.9444
00 272.299 271.482 0.8514 0.8529
00 271.476 270.476 0.8853 0.8886
00 271.719 270.791 0.9362 0.9394
00 272.458 271.553 0.9412 0.9443
00 272.396 271.579 0.8609 0.8632
00 271.598 270.610 0.8915 0.8955
00 271.988 271.005 0.9319 0.9356
00 272.270 271.340 0.9366 0.9395
00 272.355 271.552 0.8689 0.8710
00 271.949 270.970 0.8986 0.9020
00 272.178 271.152 0.9292 0.9331
00 272.150 271.188 0.9309 0.9341
00 272.621 271.801 0.8746 0.8766
00 272.126 271.159 0.9023 0.9054
00 272.192 271.137 0.9265 0.9306
00 272.315 271.270 0.9196 0.9235
00 272.613 271.837 0.8841 0.8857
00 272.298 271.328 0.9041 0.9071
00 272.366 271.253 0.9184 0.9230
00 272.426 271.312 0.9072 0.9117
00 272.554 271.829 0.8928 0.8938
00 272.326 271.353 0.9038 0.9068
00 272.455 271.273 0.9042 0.9093
00 272.399 271.261 0.8958 0.9004
00 272.767 272.056 0.8975 0.8982
00 272.465 271.465 0.9017 0.9049
00 272.640 271.416 0.8926 0.8978
00 272.360 271.221 0.8862 0.8908
00 272.990 272.269 0.8934 0.8939
00 272.474 271.447 0.9001 0.9034
00 272.584 271.539 0.9432 0.9477
00 272.482 271.500 0.9390 0.9426
00 273.024 272.129 0.9455 0.9481
00 271.460 270.634 0.9168 0.9191
00 271.460 270.453 0.9356 0.9392
00 271.460 270.535 0.9400 0.9434
00 271.460 270.654 0.9389 0.9410
00 271.460 270.676 0.9116 0.9134
00 271.460 270.470 0.9338 0.9372
00 271.460 270.513 0.9363 0.9398
00 271.460 270.667 0.9439 0.9458
00 271.466 270.677 0.9127 0.9147
00 271.492 270.521 0.9379 0.9416
00 271.461 270.480 0.9293 0.9327
00 271.893 271.064 0.9446 0.9467
00 272.012 271.166 0.9066 0.9086
00 272.035 271.034 0.9383 0.9421
00 271.515 270.520 0.9289 0.9328
00 272.803 271.759 0.9223 0.9266
00 271.516 270.669 0.8969 0.8994
00 271.523 270.537 0.9365 0.9405
00 271.460 270.470 0.9291 0.9325
00 271.493 270.374 0.8812 0.8854
00 271.460 270.605 0.8832 0.8859
00 271.460 270.492 0.9377 0.9412
00 271.460 270.485 0.9304 0.9338
00 271.460 270.396 0.8661 0.8697
00 271.460 270.587 0.8772 0.8800
00 271.460 270.510 0.9381 0.9415
00 271.460 270.516 0.9323 0.9358
00 271.460 270.454 0.8569 0.8600
00 271.460 270.556 0.8689 0.8721
00 271.460 270.512 0.9341 0.9375
00 271.460 270.560 0.9381 0.9413
00 271.460 270.517 0.8515 0.8546
00 271.460 270.541 0.8640 0.8671
00 271.460 270.545 0.9366 0.9399
00 271.460 270.573 0.9395 0.9425
00 271.460 270.606 0.8518 0.8545
00 271.460 270.527 0.8603 0.8634
00 271.460 270.546 0.9337 0.9370
00 271.460 270.565 0.9391 0.9421
00 271.460 270.679 0.8614 0.8633
00 271.460 270.516 0.8607 0.8638
00 271.460 270.528 0.9272 0.9306
00 271.460 270.525 0.9318 0.9353
00 271.460 270.700 0.8574 0.8590
00 271.460 270.512 0.8644 0.8675
00 271.460 270.525 0.9243 0.9276
00 271.460 270.456 0.9190 0.9224
00 271.565 270.811 0.8425 0.8440
00 271.460 270.506 0.8669 0.8700
00 271.460 270.543 0.9273 0.9306
00 271.556 270.495 0.9108 0.9151
00 272.328 271.503 0.8405 0.8422
00 271.472 270.510 0.8712 0.8745
00 271.578 270.673 0.9320 0.9351
00 272.375 271.208 0.9011 0.9062
00 272.486 271.663 0.8449 0.8471
00 271.572 270.600 0.8747 0.8785
00 271.961 271.030 0.9335 0.9366
00 272.426 271.218 0.8896 0.8949
00 271.999 271.251 0.8580 0.8587
00 271.748 270.767 0.8790 0.8826
00 272.193 271.220 0.9316 0.9350
00 272.228 271.046 0.8778 0.8830
00 272.416 271.621 0.8689 0.8709
00 271.938 270.948 0.8822 0.8857
00 272.259 271.258 0.9309 0.9345
00 272.297 271.145 0.8680 0.8727
00 272.394 271.632 0.8781 0.8798
00 272.053 271.065 0.8859 0.8892
00 272.352 271.341 0.9332 0.9368
00 272.285 271.179 0.8595 0.8636
00 272.555 271.818 0.8884 0.8896
00 272.274 271.272 0.8898 0.8930
00 272.369 271.328 0.9291 0.9330
00 272.283 271.210 0.8531 0.8568
00 272.857 272.131 0.8948 0.8956
00 272.532 271.521 0.8939 0.8977
00 272.507 271.437 0.9264 0.9305
00 272.760 271.659 0.8487 0.8535
00 273.582 272.805 0.8961 0.8976
00 272.721 271.710 0.8969 0.9009
00 273.028 271.972 0.9433 0.9476
00 273.229 272.209 0.9403 0.9441
00 273.598 272.667 0.9458 0.9489
00 271.460 270.632 0.9173 0.9196
00 271.460 270.442 0.9289 0.9325
00 271.460 270.479 0.9327 0.9361
00 271.460 270.648 0.9459 0.9480
00 271.518 270.735 0.9082 0.9100
00 271.724 270.683 0.9294 0.9339
00 271.479 270.534 0.9335 0.9371
00 272.353 271.193 0.8795 0.8842
00 271.460 270.621 0.8780 0.8805
00 271.460 270.485 0.9340 0.9374
00 271.460 270.543 0.9363 0.9396
00 271.460 270.419 0.8634 0.8667
00 271.460 270.593 0.8672 0.8700
00 271.460 270.478 0.9295 0.9329
00 271.460 270.521 0.9342 0.9376
00 271.460 270.478 0.8559 0.8590
00 271.460 270.574 0.8557 0.8587
00 271.460 270.509 0.9322 0.9356
00 271.460 270.444 0.9209 0.9244
00 271.460 270.550 0.8527 0.8558
00 271.460 270.573 0.8521 0.8551
00 271.460 270.531 0.9342 0.9376
00 271.460 270.384 0.9080 0.9121
00 271.460 270.625 0.8508 0.8533
00 271.460 270.590 0.8562 0.8590
00 271.460 270.525 0.9306 0.9340
00 271.460 270.345 0.8938 0.8981
00 271.460 270.697 0.8600 0.8616
00 271.460 270.636 0.8635 0.8659
00 271.460 270.504 0.9232 0.9266
00 271.460 270.357 0.8797 0.8838
00 271.486 270.754 0.8648 0.8661
00 271.460 270.648 0.8656 0.8678
00 271.460 270.498 0.9200 0.9233
00 271.547 270.482 0.8703 0.8742
00 272.120 271.328 0.8550 0.8559
00 271.460 270.626 0.8673 0.8698
00 271.579 270.625 0.9226 0.9262
00 272.187 271.088 0.8631 0.8673
00 272.430 271.619 0.8458 0.8480
00 271.531 270.675 0.8711 0.8736
00 271.775 270.845 0.9293 0.9325
00 272.417 271.315 0.8609 0.8647
00 272.551 271.741 0.8427 0.8447
00 271.779 270.879 0.8716 0.8743
00 272.000 271.071 0.9317 0.9347
00 272.356 271.276 0.8575 0.8612
00 272.527 271.742 0.8500 0.8517
00 272.088 271.122 0.8706 0.8736
00 272.225 271.280 0.9314 0.9344
00 272.354 271.284 0.8532 0.8567
00 272.521 271.757 0.8635 0.8650
00 272.335 271.332 0.8747 0.8777
00 272.266 271.309 0.9318 0.9349
00 272.389 271.328 0.8461 0.8494
00 272.450 271.724 0.8769 0.8781
00 272.489 271.462 0.8781 0.8814
00 272.663 271.673 0.9323 0.9361
00 272.881 271.768 0.8389 0.8435
00 273.129 272.376 0.8875 0.8881
00 272.805 271.743 0.8799 0.8842
00 273.166 272.133 0.9322 0.9361
00 273.486 272.307 0.8287 0.8329
00 273.675 272.897 0.8929 0.8943
00 273.125 272.040 0.8820 0.8861
00 273.290 272.221 0.9308 0.9350
00 273.482 272.308 0.9155 0.9205
00 273.578 272.284 0.8704 0.8761
00 271.460 270.606 0.8652 0.8678
00 271.460 270.476 0.9276 0.9310
00 271.460 270.381 0.9034 0.9075
00 271.460 270.433 0.8614 0.8645
00 271.460 270.595 0.8535 0.8562
00 271.460 270.472 0.9254 0.9288
00 271.460 270.354 0.8879 0.8921
00 271.460 270.494 0.8559 0.8590
00 271.460 270.586 0.8538 0.8567
00 271.460 270.480 0.9249 0.9283
00 271.460 270.406 0.8695 0.8730
00 271.460 270.565 0.8532 0.8563
00 271.460 270.613 0.8708 0.8733
00 271.460 270.485 0.9246 0.9280
00 271.460 270.474 0.8640 0.8671
00 271.460 270.638 0.8519 0.8543
00 271.460 270.669 0.8838 0.8858
00 271.460 270.481 0.9226 0.9260
00 271.460 270.477 0.8626 0.8657
00 271.512 270.758 0.8559 0.8574
00 271.634 270.842 0.8908 0.8925
00 271.600 270.612 0.9197 0.9237
00 271.899 270.871 0.8611 0.8650
00 272.222 271.422 0.8659 0.8668
00 271.478 270.675 0.8916 0.8937
00 271.846 270.847 0.9190 0.9229
00 272.351 271.267 0.8568 0.8606
00 272.459 271.650 0.8655 0.8676
00 271.600 270.745 0.8878 0.8903
00 271.978 270.979 0.9195 0.9232
00 272.474 271.377 0.8498 0.8534
00 272.570 271.764 0.8560 0.8579
00 271.834 270.917 0.8831 0.8859
00 272.161 271.164 0.9212 0.9247
00 272.517 271.437 0.8458 0.8493
00 272.544 271.757 0.8444 0.8461
00 271.936 270.980 0.8820 0.8852
00 272.316 271.344 0.9269 0.9300
00 272.539 271.465 0.8385 0.8421
00 272.563 271.802 0.8440 0.8454
00 272.295 271.273 0.8787 0.8820
00 272.648 271.690 0.9329 0.9364
00 272.712 271.607 0.8282 0.8331
00 272.641 271.904 0.8525 0.8536
00 272.753 271.680 0.8759 0.8805
00 273.191 272.217 0.9345 0.9378
00 273.036 271.895 0.8191 0.8237
00 272.978 272.229 0.8641 0.8648
00 273.069 271.976 0.8790 0.8833
00 273.189 272.204 0.9322 0.9355
00 273.256 272.112 0.8076 0.8117
00 273.257 272.512 0.8748 0.8759
00 273.064 271.993 0.8863 0.8905
00 272.873 271.750 0.9178 0.9229
00 273.111 272.009 0.9266 0.9313
00 273.276 272.166 0.9134 0.9178
00 271.460 270.680 0.9354 0.9373
00 271.460 270.430 0.9074 0.9110
00 271.461 270.450 0.9192 0.9227
00 271.471 270.548 0.9212 0.9245
00 271.460 270.676 0.9362 0.9381
00 271.460 270.485 0.9122 0.9155
00 271.460 270.460 0.9156 0.9190
00 271.460 270.512 0.9234 0.9267
00 271.460 270.668 0.9358 0.9377
00 271.460 270.533 0.9141 0.9174
00 271.460 270.440 0.9090 0.9125
00 271.460 270.512 0.9050 0.9083
00 271.460 270.654 0.9342 0.9363
00 271.460 270.561 0.9121 0.9152
00 271.460 270.408 0.9030 0.9067
00 271.460 270.575 0.9170 0.9199
00 271.460 270.651 0.9360 0.9381
00 271.460 270.563 0.8988 0.9019
00 271.460 270.396 0.8948 0.8986
00 271.460 270.558 0.9162 0.9193
00 271.460 270.610 0.9293 0.9318
00 271.460 270.557 0.8861 0.8893
00 271.460 270.416 0.8840 0.8875
00 271.460 270.573 0.9194 0.9224
00 271.460 270.598 0.9306 0.9333
00 271.460 270.567 0.8832 0.8862
00 271.460 270.483 0.8790 0.8822
00 271.460 270.583 0.9207 0.9236
00 271.460 270.607 0.9356 0.9382
00 271.460 270.592 0.8852 0.8880
00 271.460 270.517 0.8784 0.8815
00 271.460 270.567 0.9175 0.9206
00 271.460 270.592 0.9343 0.9371
00 271.460 270.608 0.8840 0.8866
00 271.460 270.514 0.8770 0.8802
00 271.460 270.533 0.9158 0.9191
00 271.460 270.501 0.9128 0.9161
00 271.460 270.622 0.8835 0.8860
00 271.460 270.512 0.8756 0.8788
00 271.460 270.546 0.9214 0.9246
00 271.460 270.528 0.8989 0.9022
00 271.460 270.642 0.8868 0.8891
00 271.460 270.516 0.8767 0.8798
00 271.460 270.570 0.9260 0.9290
00 271.460 270.572 0.9050 0.9080
00 271.460 270.656 0.8902 0.8923
00 271.460 270.537 0.8829 0.8861
00 271.460 270.571 0.9240 0.9270
00 271.460 270.542 0.9077 0.9110
00 271.460 270.678 0.8929 0.8948
00 271.459 270.552 0.8906 0.8938
00 271.460 270.560 0.9192 0.9223
00 271.460 270.492 0.9176 0.9209
00 271.460 270.686 0.9003 0.9021
00 271.460 270.559 0.8930 0.8961
00 271.475 270.587 0.9200 0.9230
00 271.460 270.420 0.8929 0.8965
00 271.460 270.574 0.8931 0.8961
00 271.460 270.563 0.8952 0.8983
00 271.939 271.038 0.9235 0.9262
00 271.460 270.484 0.8803 0.8835
00 271.478 270.498 0.8577 0.8609
00 272.036 271.100 0.8975 0.9004
00 272.343 271.419 0.9244 0.9270
00 271.466 270.581 0.8650 0.8681
00 271.606 270.646 0.8391 0.8427
00 272.630 271.654 0.8999 0.9036
00 272.417 271.495 0.9217 0.9246
00 271.628 270.830 0.8512 0.8530
00 272.087 271.056 0.9268 0.9308
00 272.733 271.616 0.9185 0.9236
00 272.607 271.557 0.9123 0.9168
00 271.460 270.688 0.9357 0.9375
00 271.460 270.444 0.9148 0.9183
00 271.514 270.508 0.9196 0.9235
00 272.052 271.115 0.9210 0.9239
00 271.460 270.685 0.9357 0.9375
00 271.460 270.490 0.9172 0.9205
00 271.460 270.443 0.9120 0.9155
00 271.462 270.540 0.9283 0.9317
00 271.460 270.675 0.9334 0.9353
00 271.460 270.555 0.9195 0.9227
00 271.460 270.416 0.9057 0.9094
00 271.460 270.512 0.9088 0.9122
00 271.460 270.659 0.9326 0.9346
00 271.460 270.601 0.9206 0.9233
00 271.460 270.394 0.8981 0.9020
00 271.460 270.573 0.9120 0.9150
00 271.460 270.650 0.9331 0.9353
00 271.460 270.629 0.9198 0.9221
00 271.460 270.425 0.8877 0.8912
00 271.460 270.561 0.9160 0.9192
00 271.460 270.629 0.9330 0.9353
00 271.460 270.617 0.9030 0.9056
00 271.460 270.497 0.8806 0.8838
00 271.460 270.563 0.9159 0.9190
00 271.460 270.620 0.9346 0.9370
00 271.460 270.599 0.8884 0.8911
00 271.460 270.518 0.8769 0.8801
00 271.460 270.570 0.9189 0.9219
00 271.460 270.611 0.9333 0.9359
00 271.460 270.600 0.8842 0.8869
00 271.460 270.517 0.8770 0.8802
00 271.460 270.569 0.9182 0.9212
00 271.460 270.617 0.9354 0.9379
00 271.460 270.618 0.8842 0.8867
00 271.460 270.512 0.8781 0.8813
00 271.460 270.540 0.9136 0.9169
00 271.460 270.591 0.9310 0.9338
00 271.460 270.636 0.8862 0.8885
00 271.460 270.505 0.8792 0.8823
00 271.460 270.521 0.9105 0.9139
00 271.460 270.521 0.9014 0.9047
00 271.460 270.643 0.8861 0.8884
00 271.460 270.512 0.8832 0.8864
00 271.460 270.531 0.9172 0.9205
00 271.460 270.573 0.9003 0.9033
00 271.460 270.659 0.8878 0.8898
00 271.460 270.522 0.8846 0.8878
00 271.460 270.548 0.9200 0.9232
00 271.460 270.597 0.9101 0.9128
00 271.460 270.680 0.8934 0.8953
00 271.460 270.542 0.8871 0.8903
00 271.460 270.563 0.9190 0.9221
00 271.460 270.547 0.9218 0.9250
00 271.460 270.687 0.8965 0.8982
00 271.460 270.549 0.8882 0.8914
00 271.612 270.722 0.9218 0.9247
00 271.460 270.417 0.8943 0.8978
00 271.460 270.707 0.8952 0.8968
00 271.460 270.559 0.8901 0.8933
00 272.359 271.436 0.9239 0.9264
00 271.460 270.448 0.8762 0.8793
00 271.507 270.707 0.9009 0.9029
00 272.119 271.171 0.8922 0.8950
00 272.596 271.658 0.9232 0.9266
00 271.717 270.795 0.8625 0.8655
00 272.394 271.352 0.8725 0.8758
00 272.713 271.724 0.8931 0.8968
00 272.825 271.876 0.9223 0.9256
00 272.390 271.486 0.8508 0.8531
00 272.659 271.632 0.9324 0.9366
00 272.879 271.761 0.9175 0.9225
00 273.177 272.114 0.9146 0.9186
00 271.760 270.978 0.9359 0.9375
00 271.914 270.895 0.9217 0.9257
00 272.510 271.425 0.9164 0.9205
00 272.793 271.852 0.9280 0.9312
00 271.530 270.767 0.9356 0.9372
00 271.548 270.587 0.9200 0.9237
00 272.021 270.938 0.9083 0.9128
00 272.363 271.424 0.9317 0.9345
00 271.460 270.692 0.9359 0.9375
00 271.460 270.568 0.9213 0.9244
00 271.460 270.392 0.9002 0.9041
00 271.465 270.512 0.9124 0.9158
00 271.460 270.676 0.9345 0.9364
00 271.460 270.622 0.9242 0.9266
00 271.460 270.406 0.8909 0.8946
00 271.460 270.538 0.9041 0.9074
00 271.460 270.657 0.9328 0.9349
00 271.460 270.659 0.9256 0.9276
00 271.460 270.488 0.8792 0.8824
00 271.460 270.591 0.9192 0.9220
00 271.460 270.637 0.9316 0.9339
00 271.460 270.671 0.9224 0.9243
00 271.460 270.515 0.8749 0.8780
00 271.460 270.564 0.9174 0.9205
00 271.460 270.626 0.9330 0.9355
00 271.460 270.647 0.9020 0.9042
00 271.460 270.509 0.8773 0.8805
00 271.460 270.557 0.9163 0.9195
00 271.460 270.622 0.9331 0.9355
00 271.460 270.628 0.8883 0.8907
00 271.460 270.510 0.8809 0.8841
00 271.460 270.558 0.9163 0.9195
00 271.460 270.614 0.9301 0.9326
00 271.460 270.632 0.8846 0.8870
00 271.460 270.513 0.8831 0.8863
00 271.460 270.547 0.9137 0.9170
00 271.460 270.632 0.9313 0.9337
00 271.460 270.642 0.8848 0.8871
00 271.460 270.527 0.8845 0.8877
00 271.460 270.531 0.9103 0.9137
00 271.460 270.539 0.9066 0.9099
00 271.460 270.661 0.8867 0.8888
00 271.460 270.543 0.8872 0.8904
00 271.460 270.519 0.9094 0.9127
00 271.460 270.553 0.8981 0.9013
00 271.460 270.680 0.8894 0.8912
00 271.460 270.557 0.8881 0.8912
00 271.460 270.513 0.9101 0.9135
00 271.460 270.612 0.9099 0.9125
00 271.460 270.695 0.8915 0.8932
00 271.460 270.562 0.8843 0.8874
00 271.461 270.519 0.9113 0.9146
00 271.460 270.629 0.9267 0.9291
00 271.460 270.704 0.8965 0.8981
00 271.460 270.567 0.8818 0.8849
00 272.031 271.072 0.9141 0.9173
00 271.461 270.462 0.9010 0.9042
00 271.471 270.716 0.8997 0.9012
00 271.541 270.651 0.8831 0.8861
00 272.455 271.519 0.9239 0.9272
00 271.491 270.457 0.8719 0.8754
00 271.519 270.753 0.8937 0.8953
00 272.498 271.515 0.8870 0.8905
00 272.547 271.631 0.9276 0.9307
00 271.528 270.602 0.8582 0.8615
00 272.019 271.229 0.8989 0.9002
00 272.497 271.537 0.8906 0.8941
00 272.532 271.623 0.9262 0.9293
00 272.164 271.291 0.8514 0.8531
00 272.595 271.626 0.9357 0.9393
00 272.529 271.438 0.9189 0.9231
00 272.775 271.784 0.9203 0.9240
00 272.109 271.299 0.9405 0.9422
00 272.079 271.102 0.9270 0.9304
00 272.757 271.625 0.9117 0.9169
00 273.222 272.301 0.9360 0.9387
00 271.968 271.190 0.9373 0.9388
00 271.991 271.056 0.9253 0.9283
00 272.731 271.552 0.9027 0.9084
00 272.904 271.978 0.9329 0.9359
00 271.481 270.725 0.9358 0.9373
00 271.521 270.668 0.9264 0.9289
00 271.721 270.617 0.8928 0.8979
00 271.647 270.684 0.9148 0.9185
00 271.460 270.684 0.9337 0.9354
00 271.460 270.656 0.9285 0.9306
00 271.460 270.448 0.8832 0.8864
00 271.460 270.494 0.8948 0.8981
00 271.460 270.662 0.9331 0.9351
00 271.460 270.688 0.9297 0.9314
00 271.460 270.513 0.8731 0.8762
00 271.460 270.578 0.9127 0.9156
00 271.460 270.642 0.9299 0.9322
00 271.460 270.700 0.9277 0.9293
00 271.460 270.505 0.8748 0.8779
00 271.460 270.590 0.9199 0.9227
00 271.460 270.638 0.9324 0.9347
00 271.460 270.686 0.9168 0.9185
00 271.460 270.513 0.8809 0.8841
00 271.460 270.560 0.9158 0.9189
00 271.460 270.633 0.9332 0.9355
00 271.460 270.656 0.8966 0.8987
00 271.460 270.517 0.8834 0.8866
00 271.460 270.547 0.9130 0.9163
00 271.460 270.626 0.9317 0.9341
00 271.460 270.646 0.8865 0.8888
00 271.460 270.518 0.8842 0.8874
00 271.460 270.545 0.9130 0.9163
00 271.460 270.643 0.9335 0.9357
00 271.460 270.652 0.8851 0.8872
00 271.460 270.527 0.8853 0.8885
00 271.460 270.544 0.9145 0.9178
00 271.460 270.575 0.9118 0.9148
00 271.460 270.659 0.8847 0.8867
00 271.460 270.543 0.8863 0.8895
00 271.460 270.539 0.9144 0.9177
00 271.460 270.547 0.8985 0.9018
00 271.460 270.682 0.8842 0.8860
00 271.460 270.556 0.8858 0.8890
00 271.460 270.527 0.9136 0.9169
00 271.460 270.608 0.9048 0.9074
00 271.460 270.701 0.8851 0.8867
00 271.460 270.567 0.8829 0.8860
00 271.461 270.518 0.9131 0.9165
00 271.460 270.662 0.9285 0.9305
00 271.460 270.709 0.8893 0.8908
00 271.460 270.592 0.8819 0.8847
00 271.827 270.864 0.9137 0.9172
00 271.462 270.501 0.8962 0.8995
00 271.518 270.771 0.8974 0.8988
00 271.946 271.041 0.8836 0.8862
00 272.526 271.536 0.9178 0.9217
00 272.238 271.125 0.8699 0.8743
00 272.458 271.630 0.9022 0.9045
00 272.685 271.714 0.8872 0.8907
00 272.357 271.415 0.9233 0.9261
00 272.622 271.562 0.8552 0.8596
00 272.977 272.092 0.8981 0.9004
00 273.042 272.057 0.8909 0.8941
00 272.756 271.822 0.9249 0.9280
00 273.074 272.091 0.8503 0.8532
00 273.406 272.505 0.9448 0.9475
00 273.256 272.098 0.9180 0.9231
00 273.351 272.291 0.9230 0.9269
00 272.145 271.319 0.9479 0.9498
00 272.297 271.411 0.9373 0.9397
00 272.564 271.433 0.9132 0.9178
00 272.981 271.997 0.9201 0.9235
00 271.942 271.141 0.9436 0.9453
00 272.060 271.192 0.9334 0.9357
00 272.714 271.538 0.9070 0.9126
00 272.923 272.025 0.9353 0.9380
00 271.796 271.027 0.9403 0.9417
00 271.876 271.047 0.9323 0.9343
00 272.356 271.179 0.8980 0.9031
00 272.203 271.343 0.9336 0.9357
00 271.477 270.738 0.9385 0.9398
00 271.482 270.702 0.9325 0.9343
00 271.497 270.428 0.8883 0.8921
00 271.462 270.541 0.9183 0.9217
00 271.460 270.711 0.9350 0.9365
00 271.460 270.705 0.9329 0.9344
00 271.460 270.479 0.8753 0.8784
00 271.460 270.493 0.8970 0.9002
00 271.460 270.681 0.9341 0.9360
00 271.460 270.720 0.9318 0.9332
00 271.460 270.507 0.8744 0.8776
00 271.460 270.533 0.9009 0.9042
00 271.460 270.655 0.9309 0.9330
00 271.460 270.708 0.9234 0.9249
00 271.460 270.510 0.8783 0.8815
00 271.460 270.591 0.9164 0.9192
00 271.460 270.641 0.9263 0.9286
00 271.460 270.670 0.9032 0.9051
00 271.460 270.515 0.8812 0.8843
00 271.460 270.576 0.9175 0.9205
00 271.460 270.639 0.9299 0.9322
00 271.460 270.637 0.8903 0.8926
00 271.460 270.515 0.8830 0.8862
00 271.460 270.550 0.9137 0.9170
00 271.460 270.640 0.9308 0.9330
00 271.460 270.627 0.8861 0.8885
00 271.460 270.514 0.8842 0.8874
00 271.460 270.546 0.9135 0.9168
00 271.460 270.652 0.9360 0.9382
00 271.460 270.633 0.8841 0.8865
00 271.460 270.517 0.8847 0.8879
00 271.460 270.543 0.9119 0.9153
00 271.460 270.619 0.9238 0.9262
00 271.460 270.647 0.8831 0.8853
00 271.460 270.527 0.8851 0.8883
00 271.460 270.535 0.9081 0.9114
00 271.460 270.545 0.9001 0.9034
00 271.460 270.666 0.8808 0.8828
00 271.460 270.539 0.8855 0.8887
00 271.460 270.526 0.9040 0.9073
00 271.460 270.591 0.8992 0.9020
00 271.460 270.692 0.8799 0.8816
00 271.460 270.564 0.8885 0.8916
00 271.461 270.524 0.9009 0.9042
00 271.460 270.653 0.9228 0.9250
00 271.460 270.701 0.8823 0.8839
00 271.460 270.582 0.8825 0.8854
00 271.878 270.902 0.9004 0.9039
00 271.460 270.530 0.9017 0.9050
00 271.460 270.696 0.8882 0.8898
00 271.485 270.627 0.8811 0.8837
00 272.227 271.217 0.9028 0.9063
00 271.817 270.760 0.8710 0.8754
00 272.584 271.729 0.8973 0.8997
00 272.724 271.758 0.8821 0.8855
00 273.058 271.996 0.9073 0.9115
00 272.735 271.673 0.8541 0.8584
00 272.923 272.057 0.9035 0.9057
00 273.151 272.151 0.8834 0.8866
00 273.491 272.432 0.9122 0.9159
00 273.128 272.152 0.8476 0.8504
00 273.475 272.546 0.9427 0.9459
00 273.668 272.400 0.9140 0.9198
00 273.793 272.811 0.9399 0.9435
00 271.479 270.662 0.9471 0.9493
00 271.590 270.765 0.9404 0.9426
00 271.521 270.445 0.9128 0.9169
00 271.822 270.871 0.9201 0.9235
00 271.785 270.968 0.9448 0.9468
00 271.483 270.676 0.9362 0.9383
00 271.491 270.402 0.9080 0.9122
00 271.552 270.671 0.9214 0.9242
00 271.515 270.722 0.9431 0.9450
00 271.461 270.684 0.9349 0.9367
00 271.462 270.358 0.9033 0.9077
00 271.466 270.652 0.9349 0.9371
00 271.460 270.699 0.9443 0.9459
00 271.460 270.705 0.9343 0.9359
00 271.460 270.355 0.8944 0.8987
00 271.460 270.647 0.9348 0.9369
00 271.460 270.725 0.9416 0.9429
00 271.460 270.719 0.9333 0.9347
00 271.460 270.419 0.8844 0.8879
00 271.460 270.579 0.9231 0.9260
00 271.460 270.727 0.9385 0.9398
00 271.460 270.719 0.9305 0.9319
00 271.460 270.497 0.8744 0.8776
00 271.460 270.500 0.9004 0.9037
00 271.460 270.704 0.9349 0.9364
00 271.460 270.698 0.9187 0.9203
00 271.460 270.503 0.8763 0.8795
00 271.460 270.512 0.8966 0.8998
00 271.460 270.670 0.9313 0.9333
00 271.460 270.657 0.8979 0.9000
00 271.460 270.518 0.8786 0.8817
00 271.460 270.571 0.9091 0.9121
00 271.460 270.652 0.9314 0.9335
00 271.460 270.624 0.8875 0.8899
00 271.460 270.516 0.8795 0.8827
00 271.460 270.575 0.9147 0.9177
00 271.460 270.649 0.9310 0.9332
00 271.460 270.610 0.8857 0.8883
00 271.460 270.512 0.8817 0.8849
00 271.460 270.545 0.9118 0.9151
00 271.460 270.639 0.9216 0.9239
00 271.460 270.602 0.8844 0.8871
00 271.460 270.514 0.8844 0.8876
00 271.461 270.531 0.9086 0.9120
00 271.460 270.662 0.9364 0.9385
00 271.460 270.604 0.8830 0.8857
00 271.460 270.519 0.8865 0.8897
00 271.461 270.534 0.9059 0.9092
00 271.460 270.650 0.9298 0.9320
00 271.460 270.607 0.8786 0.8812
00 271.460 270.523 0.8871 0.8903
00 271.460 270.538 0.8999 0.9032
00 271.460 270.573 0.9061 0.9091
00 271.460 270.623 0.8759 0.8783
00 271.460 270.535 0.8886 0.8918
00 271.460 270.554 0.8982 0.9014
00 271.470 270.593 0.9034 0.9063
00 271.460 270.647 0.8754 0.8776
00 271.460 270.550 0.8890 0.8923
00 271.462 270.566 0.8982 0.9013
00 272.060 271.214 0.9245 0.9266
00 271.461 270.675 0.8766 0.8785
00 271.460 270.561 0.8886 0.8917
00 271.489 270.599 0.8973 0.9003
00 272.454 271.465 0.9045 0.9076
00 271.474 270.690 0.8786 0.8805
00 271.911 270.982 0.8885 0.8914
00 272.258 271.295 0.8948 0.8977
00 272.761 271.606 0.8700 0.8754
00 272.121 271.270 0.8901 0.8919
00 272.657 271.663 0.8885 0.8923
00 273.022 271.985 0.8949 0.8988
00 273.442 272.312 0.8510 0.8549
00 273.457 272.513 0.9027 0.9058
00 273.971 272.867 0.8890 0.8935
00 274.309 273.156 0.8993 0.9040
00 274.468 273.359 0.8482 0.8517
00 271.460 270.629 0.9439 0.9463
00 271.460 270.412 0.9285 0.9325
00 271.460 270.557 0.9367 0.9399
00 271.460 270.644 0.9445 0.9467
00 271.460 270.640 0.9395 0.9418
00 271.462 270.392 0.9173 0.9214
00 271.498 270.629 0.9367 0.9395
00 271.479 270.674 0.9421 0.9441
00 271.460 270.658 0.9375 0.9395
00 271.463 270.391 0.9119 0.9160
00 271.573 270.680 0.9234 0.9263
00 271.474 270.688 0.9407 0.9425
00 271.460 270.676 0.9364 0.9383
00 271.460 270.370 0.9063 0.9106
00 271.460 270.570 0.9236 0.9266
00 271.460 270.688 0.9407 0.9425
00 271.460 270.691 0.9346 0.9363
00 271.460 270.366 0.9038 0.9081
00 271.460 270.636 0.9357 0.9379
00 271.460 270.701 0.9425 0.9441
00 271.460 270.696 0.9310 0.9326
00 271.460 270.364 0.8936 0.8978
00 271.460 270.644 0.9363 0.9385
00 271.460 270.720 0.9424 0.9438
00 271.460 270.689 0.9237 0.9255
00 271.460 270.427 0.8814 0.8848
00 271.460 270.608 0.9284 0.9310
00 271.460 270.728 0.9397 0.9410
00 271.460 270.660 0.9073 0.9093
00 271.460 270.506 0.8754 0.8786
00 271.460 270.506 0.9044 0.9076
00 271.460 270.717 0.9357 0.9371
00 271.460 270.634 0.8915 0.8938
00 271.460 270.507 0.8771 0.8803
00 271.460 270.503 0.8945 0.8977
00 271.460 270.692 0.9325 0.9342
00 271.460 270.630 0.8874 0.8898
00 271.460 270.528 0.8796 0.8828
00 271.460 270.539 0.9015 0.9048
00 271.460 270.669 0.9295 0.9315
00 271.460 270.624 0.8869 0.8894
00 271.460 270.530 0.8812 0.8844
00 271.460 270.572 0.9127 0.9157
00 271.460 270.658 0.9301 0.9322
00 271.460 270.617 0.8875 0.8900
00 271.460 270.527 0.8833 0.8865
00 271.460 270.547 0.9125 0.9157
00 271.460 270.651 0.9210 0.9231
00 271.460 270.606 0.8859 0.8885
00 271.460 270.527 0.8861 0.8893
00 271.460 270.509 0.9047 0.9080
00 271.461 270.663 0.9350 0.9371
00 271.460 270.601 0.8827 0.8854
00 271.460 270.533 0.8893 0.8925
00 271.471 270.515 0.8972 0.9006
00 271.471 270.678 0.9361 0.9381
00 271.460 270.601 0.8790 0.8817
00 271.460 270.541 0.8923 0.8955
00 271.466 270.528 0.8919 0.8952
00 271.460 270.619 0.9177 0.9202
00 271.460 270.592 0.8745 0.8773
00 271.460 270.556 0.8934 0.8966
00 271.460 270.545 0.8965 0.8998
00 271.754 270.859 0.9022 0.9050
00 271.460 270.590 0.8718 0.8747
00 271.470 270.581 0.8942 0.8972
00 271.471 270.579 0.8974 0.9004
00 272.409 271.530 0.9190 0.9217
00 271.487 270.624 0.8724 0.8751
00 271.633 270.742 0.8948 0.8977
00 271.652 270.753 0.8966 0.8995
00 272.519 271.501 0.8964 0.9002
00 271.656 270.792 0.8743 0.8768
00 271.917 271.010 0.8950 0.8977
00 271.988 271.066 0.8967 0.8994
00 272.452 271.333 0.8649 0.8689
00 271.860 270.989 0.8863 0.8886
00 272.205 271.285 0.8954 0.8979
00 272.539 271.571 0.8939 0.8975
00 272.549 271.593 0.8507 0.8542
00 272.915 271.990 0.9033 0.9061
00 272.681 271.734 0.8965 0.8998
00 272.918 271.918 0.8964 0.9000
00 273.046 272.184 0.8518 0.8535
00 271.460 270.653 0.9393 0.9414
00 271.460 270.403 0.9182 0.9222
00 271.462 270.588 0.9338 0.9366
00 271.460 270.681 0.9431 0.9449
00 271.461 270.676 0.9390 0.9409
00 271.504 270.446 0.9133 0.9172
00 271.718 270.852 0.9312 0.9338
00 271.510 270.744 0.9393 0.9410
00 271.460 270.682 0.9378 0.9396
00 271.460 270.387 0.9085 0.9126
00 271.466 270.559 0.9222 0.9254
00 271.460 270.711 0.9397 0.9412
00 271.460 270.680 0.9319 0.9338
00 271.460 270.380 0.9052 0.9093
00 271.460 270.611 0.9339 0.9364
00 271.460 270.716 0.9431 0.9445
00 271.460 270.669 0.9238 0.9257
00 271.460 270.367 0.8947 0.8989
00 271.460 270.626 0.9359 0.9383
00 271.460 270.722 0.9423 0.9437
00 271.460 270.644 0.9078 0.9100
00 271.460 270.424 0.8806 0.8839
00 271.460 270.627 0.9340 0.9364
00 271.460 270.728 0.9390 0.9403
00 271.460 270.620 0.8908 0.8933
00 271.460 270.503 0.8747 0.8778
00 271.460 270.525 0.9101 0.9135
00 271.460 270.722 0.9360 0.9374
00 271.460 270.606 0.8868 0.8895
00 271.460 270.507 0.8763 0.8795
00 271.460 270.491 0.8936 0.8968
00 271.460 270.711 0.9343 0.9358
00 271.460 270.587 0.8838 0.8866
00 271.460 270.537 0.8797 0.8829
00 271.460 270.525 0.8982 0.9014
00 271.460 270.689 0.9320 0.9338
00 271.460 270.581 0.8812 0.8841
00 271.460 270.550 0.8829 0.8860
00 271.460 270.567 0.9115 0.9146
00 271.460 270.670 0.9279 0.9298
00 271.460 270.585 0.8786 0.8815
00 271.460 270.545 0.8848 0.8880
00 271.460 270.546 0.9116 0.9149
00 271.460 270.664 0.9252 0.9272
00 271.460 270.594 0.8770 0.8798
00 271.460 270.547 0.8861 0.8893
00 271.460 270.489 0.9016 0.9049
00 271.462 270.666 0.9330 0.9350
00 271.460 270.599 0.8766 0.8794
00 271.460 270.561 0.8884 0.8916
00 271.562 270.585 0.8911 0.8950
00 271.522 270.728 0.9338 0.9358
00 271.460 270.595 0.8753 0.8781
00 271.460 270.579 0.8906 0.8935
00 271.480 270.529 0.8881 0.8915
00 271.476 270.643 0.9186 0.9210
00 271.460 270.577 0.8724 0.8753
00 271.461 270.602 0.8935 0.8962
00 271.495 270.572 0.8953 0.8987
00 272.142 271.225 0.9057 0.9082
00 271.518 270.618 0.8688 0.8719
00 271.569 270.712 0.8951 0.8976
00 271.708 270.777 0.8937 0.8968
00 272.512 271.586 0.9086 0.9119
00 272.056 271.083 0.8660 0.8691
00 271.913 271.041 0.8958 0.8981
00 272.127 271.158 0.8916 0.8947
00 272.670 271.603 0.8859 0.8905
00 272.437 271.428 0.8760 0.8790
00 272.326 271.432 0.8969 0.8989
00 272.208 271.251 0.8937 0.8966
00 273.038 271.876 0.8588 0.8638
00 272.664 271.683 0.8950 0.8987
00 272.540 271.641 0.8984 0.9013
00 272.648 271.675 0.8946 0.8982
00 273.050 272.097 0.8492 0.8519
00 272.933 271.978 0.9078 0.9110
00 273.229 272.287 0.8995 0.9021
00 273.456 272.436 0.8982 0.9014
00 273.327 272.462 0.8535 0.8552
00 271.460 270.652 0.9449 0.9471
00 271.460 270.449 0.9355 0.9391
00 271.460 270.603 0.9355 0.9382
00 271.460 270.652 0.9435 0.9457
00 271.460 270.659 0.9419 0.9440
00 271.460 270.429 0.9225 0.9262
00 271.460 270.588 0.9333 0.9361
00 271.460 270.690 0.9451 0.9468
00 271.461 270.677 0.9414 0.9433
00 271.461 270.437 0.9195 0.9231
00 271.462 270.624 0.9355 0.9379
00 271.463 270.706 0.9417 0.9432
00 272.389 271.564 0.9399 0.9421
00 272.043 270.965 0.9136 0.9181
00 272.452 271.487 0.9224 0.9256
00 272.521 271.716 0.9382 0.9401
00 271.796 270.986 0.9323 0.9342
00 271.785 270.694 0.9080 0.9129
00 271.908 270.990 0.9273 0.9303
00 271.772 271.007 0.9409 0.9423
00 271.476 270.650 0.9188 0.9211
00 271.463 270.382 0.8984 0.9025
00 271.483 270.627 0.9373 0.9399
00 271.460 270.720 0.9420 0.9434
00 271.460 270.610 0.9011 0.9037
00 271.460 270.404 0.8827 0.8863
00 271.460 270.623 0.9354 0.9378
00 271.460 270.722 0.9390 0.9403
00 271.460 270.580 0.8874 0.8904
00 271.460 270.492 0.8744 0.8776
00 271.460 270.558 0.9232 0.9264
00 271.460 270.720 0.9361 0.9375
00 271.460 270.533 0.8816 0.8848
00 271.460 270.522 0.8769 0.8801
00 271.460 270.490 0.9002 0.9035
00 271.460 270.723 0.9349 0.9363
00 271.460 270.526 0.8758 0.8789
00 271.460 270.544 0.8797 0.8829
00 271.460 270.510 0.8955 0.8988
00 271.460 270.706 0.9334 0.9350
00 271.460 270.561 0.8742 0.8774
00 271.460 270.563 0.8835 0.8866
00 271.460 270.543 0.9061 0.9094
00 271.460 270.677 0.9326 0.9344
00 271.460 270.597 0.8793 0.8821
00 271.460 270.560 0.8847 0.8878
00 271.460 270.539 0.9102 0.9135
00 271.460 270.659 0.9283 0.9303
00 271.460 270.610 0.8806 0.8832
00 271.460 270.559 0.8846 0.8877
00 271.460 270.480 0.8994 0.9026
00 271.460 270.665 0.9325 0.9345
00 271.460 270.613 0.8778 0.8804
00 271.460 270.574 0.8853 0.8883
00 271.474 270.488 0.8853 0.8887
00 271.549 270.755 0.9316 0.9335
00 271.460 270.601 0.8724 0.8751
00 271.460 270.585 0.8857 0.8886
00 271.493 270.528 0.8888 0.8923
00 271.514 270.700 0.9216 0.9238
00 271.464 270.580 0.8688 0.8718
00 271.460 270.594 0.8860 0.8888
00 271.808 270.858 0.8980 0.9013
00 272.336 271.415 0.9089 0.9113
00 271.513 270.605 0.8663 0.8695
00 271.515 270.663 0.8873 0.8899
00 272.392 271.377 0.8932 0.8965
00 272.610 271.652 0.9042 0.9077
00 271.727 270.765 0.8669 0.8704
00 272.029 271.149 0.8914 0.8936
00 272.502 271.482 0.8905 0.8941
00 272.548 271.509 0.8812 0.8852
00 272.566 271.521 0.8851 0.8892
00 272.562 271.648 0.8919 0.8950
00 272.505 271.515 0.8925 0.8960
00 272.610 271.541 0.8532 0.8575
00 272.899 271.883 0.9013 0.9051
00 273.068 272.127 0.8926 0.8953
00 272.983 271.980 0.8931 0.8966
00 272.936 272.029 0.8452 0.8476
00 273.216 272.204 0.9059 0.9094
00 273.341 272.391 0.8918 0.8943
00 273.376 272.373 0.8969 0.8999
00 273.423 272.555 0.8523 0.8548
00 271.460 270.661 0.9451 0.9471
00 271.460 270.480 0.9397 0.9431
00 271.460 270.601 0.9364 0.9390
00 271.460 270.638 0.9432 0.9455
00 271.460 270.686 0.9414 0.9431
00 271.460 270.397 0.9134 0.9174
00 271.462 270.595 0.9333 0.9360
00 271.464 270.694 0.9357 0.9374
00 271.460 270.571 0.9063 0.9093
00 271.460 270.392 0.8921 0.8959
00 271.463 270.618 0.9433 0.9459
00 271.460 270.709 0.9379 0.9394
00 271.460 270.527 0.8897 0.8930
00 271.460 270.458 0.8730 0.8761
00 271.460 270.599 0.9334 0.9361
00 271.460 270.724 0.9388 0.9401
00 271.460 270.496 0.8794 0.8826
00 271.460 270.532 0.8797 0.8829
00 271.460 270.501 0.9044 0.9077
00 271.460 270.725 0.9353 0.9366
00 271.460 270.525 0.8741 0.8772
00 271.460 270.552 0.8801 0.8832
00 271.460 270.497 0.8917 0.8949
00 271.460 270.713 0.9338 0.9353
00 271.460 270.562 0.8749 0.8780
00 271.460 270.572 0.8836 0.8866
00 271.460 270.525 0.9029 0.9062
00 271.460 270.685 0.9324 0.9342
00 271.460 270.601 0.8845 0.8872
00 271.460 270.567 0.8843 0.8874
00 271.460 270.534 0.9085 0.9118
00 271.460 270.668 0.9306 0.9325
00 271.460 270.605 0.8842 0.8869
00 271.460 270.567 0.8827 0.8857
00 271.460 270.476 0.8992 0.9024
00 271.497 270.711 0.9344 0.9363
00 271.460 270.580 0.8795 0.8824
00 271.460 270.574 0.8831 0.8861
00 271.483 270.481 0.8807 0.8841
00 271.760 270.955 0.9314 0.9332
00 271.460 270.571 0.8706 0.8737
00 271.460 270.587 0.8841 0.8870
00 271.477 270.499 0.8867 0.8901
00 271.573 270.761 0.9229 0.9250
00 271.604 270.695 0.8656 0.8687
00 271.626 270.757 0.8845 0.8871
00 271.654 270.711 0.9004 0.9038
00 271.820 270.962 0.9151 0.9175
00 271.806 270.847 0.8643 0.8676
00 271.938 271.063 0.8858 0.8881
00 272.268 271.265 0.8936 0.8969
00 272.685 271.707 0.9021 0.9057
00 271.957 270.949 0.8748 0.8785
00 272.020 271.153 0.8870 0.8891
00 272.544 271.512 0.8887 0.8926
00 272.576 271.543 0.8798 0.8840
00 272.205 271.202 0.8945 0.8978
00 272.375 271.490 0.8887 0.8910
00 272.632 271.618 0.8917 0.8958
00 272.692 271.637 0.8492 0.8535
00 272.509 271.527 0.9055 0.9092
00 272.642 271.750 0.8887 0.8914
00 272.870 271.876 0.8960 0.8996
00 272.959 272.038 0.8429 0.8454
00 272.874 271.882 0.9083 0.9119
00 273.027 272.109 0.8859 0.8884
00 273.284 272.293 0.8982 0.9013
00 273.320 272.456 0.8488 0.8504
00 271.460 270.507 0.8922 0.8955
00 271.460 270.451 0.8756 0.8788
00 271.460 270.602 0.9334 0.9360
00 271.460 270.737 0.9383 0.9395
00 271.460 270.481 0.8769 0.8801
00 271.460 270.528 0.8802 0.8834
00 271.460 270.520 0.9097 0.9130
00 271.460 270.730 0.9348 0.9361
00 271.460 270.506 0.8698 0.8729
00 271.460 270.543 0.8809 0.8841
00 271.460 270.497 0.8943 0.8976
00 271.460 270.718 0.9305 0.9320
00 271.460 270.538 0.8728 0.8759
00 271.460 270.565 0.8815 0.8846
00 271.460 270.502 0.8987 0.9019
00 271.460 270.700 0.9282 0.9298
00 271.460 270.592 0.8856 0.8884
00 271.460 270.582 0.8858 0.8887
00 271.460 270.530 0.9079 0.9112
00 271.460 270.674 0.9294 0.9313
00 271.460 270.581 0.8868 0.8897
00 271.460 270.587 0.8865 0.8893
00 271.460 270.472 0.8985 0.9018
00 271.468 270.690 0.9333 0.9351
00 271.460 270.521 0.8939 0.8971
00 271.460 270.591 0.8860 0.8888
00 271.465 270.469 0.8831 0.8864
00 271.637 270.838 0.9311 0.9330
00 271.469 270.481 0.8837 0.8870
00 271.477 270.622 0.8860 0.8887
00 271.605 270.607 0.8815 0.8856
00 272.249 271.395 0.9187 0.9206
00 272.015 270.971 0.8762 0.8801
00 271.883 271.009 0.8844 0.8867
00 271.682 270.740 0.9004 0.9037
00 272.615 271.692 0.9110 0.9142
00 272.074 271.041 0.8760 0.8798
00 272.367 271.460 0.8861 0.8883
00 271.969 270.993 0.8961 0.8995
00 272.683 271.690 0.9018 0.9056
00 272.279 271.249 0.8854 0.8889
00 272.418 271.529 0.8886 0.8914
00 272.384 271.362 0.8924 0.8957
00 272.675 271.629 0.8785 0.8829
00 272.197 271.218 0.9004 0.9036
00 272.604 271.699 0.8881 0.8910
00 272.694 271.642 0.8908 0.8952
00 273.041 271.952 0.8438 0.8479
00 272.105 271.158 0.9071 0.9101
00 272.604 271.690 0.8828 0.8858
00 272.943 271.906 0.8915 0.8955
00 273.321 272.318 0.8380 0.8407
00 272.890 271.885 0.9068 0.9105
00 273.201 272.221 0.8782 0.8811
00 273.413 272.411 0.8966 0.8996
00 273.638 272.712 0.8459 0.8489
00 273.638 272.712 0.8459 0.8489
