00 271.460 270.420 0.8356 0.8386
00 271.460 270.204 0.9044 0.9104
00 271.459 270.389 0.8754 0.8791
00 271.460 270.305 0.9413 0.9466
00 271.460 270.502 0.8408 0.8438
00 271.460 270.194 0.9009 0.9070
00 271.459 270.419 0.8881 0.8916
00 271.460 270.263 0.9346 0.9403
00 271.460 270.531 0.8374 0.8404
00 271.460 270.190 0.8991 0.9052
00 271.459 270.480 0.9050 0.9083
00 271.460 270.217 0.9244 0.9305
00 271.460 270.547 0.8369 0.8399
00 271.460 270.192 0.8987 0.9048
00 271.459 270.496 0.9113 0.9146
00 271.460 270.160 0.9076 0.9141
00 271.460 270.551 0.8377 0.8406
00 271.460 270.190 0.9000 0.9062
00 271.459 270.457 0.9104 0.9137
00 271.460 270.140 0.8939 0.9006
00 271.460 270.552 0.8365 0.8394
00 271.460 270.193 0.9036 0.9097
00 271.459 270.408 0.9051 0.9088
00 271.460 270.142 0.8782 0.8847
00 271.460 270.552 0.8370 0.8400
00 271.460 270.217 0.9094 0.9153
00 271.459 270.377 0.8979 0.9019
00 271.460 270.245 0.8680 0.8733
00 271.460 270.549 0.8355 0.8385
00 271.460 270.256 0.9176 0.9232
00 271.459 270.400 0.8948 0.8986
00 271.460 270.393 0.8576 0.8610
00 271.460 270.547 0.8361 0.8391
00 271.460 270.249 0.9233 0.9291
00 271.459 270.471 0.9021 0.9053
00 271.460 270.472 0.8473 0.8504
00 271.460 270.519 0.8343 0.8372
00 271.460 270.254 0.9290 0.9347
00 271.459 270.528 0.9090 0.9123
00 271.460 270.493 0.8331 0.8360
00 271.460 270.466 0.8400 0.8430
00 271.460 270.325 0.9385 0.9436
00 271.459 270.547 0.9139 0.9172
00 271.460 270.513 0.8261 0.8290
00 271.460 270.399 0.8463 0.8496
00 271.460 270.378 0.9447 0.9492
00 271.459 270.559 0.9192 0.9223
00 271.460 270.539 0.8200 0.8229
00 271.460 270.350 0.8574 0.8614
00 271.460 270.377 0.9437 0.9483
00 271.459 270.590 0.9272 0.9299
00 271.460 270.586 0.8179 0.8208
00 271.461 270.322 0.8661 0.8704
00 271.460 270.397 0.9446 0.9490
00 271.460 270.612 0.9296 0.9322
00 271.469 270.642 0.8181 0.8205
00 271.703 270.524 0.8714 0.8768
00 271.460 270.448 0.9486 0.9524
00 271.533 270.709 0.9340 0.9363
00 271.475 270.752 0.8211 0.8223
00 272.290 271.054 0.8764 0.8820
00 271.771 270.760 0.9460 0.9501
00 271.803 270.989 0.9370 0.9389
00 271.777 271.130 0.8226 0.8225
00 272.917 271.622 0.8771 0.8838
00 272.485 271.345 0.9293 0.9342
00 272.403 271.569 0.9382 0.9406
00 272.449 271.804 0.8200 0.8204
00 273.407 272.072 0.8768 0.8832
00 272.898 271.723 0.9224 0.9280
00 273.110 272.246 0.9393 0.9414
00 273.128 272.429 0.8155 0.8153
00 271.460 270.426 0.8450 0.8480
00 271.460 270.270 0.8852 0.8903
00 271.459 270.354 0.8692 0.8732
00 271.460 270.367 0.9482 0.9529
00 271.460 270.488 0.8441 0.8471
00 271.460 270.305 0.8818 0.8865
00 271.459 270.369 0.8732 0.8771
00 271.460 270.316 0.9414 0.9466
00 271.460 270.532 0.8417 0.8447
00 271.460 270.313 0.8807 0.8852
00 271.459 270.404 0.8827 0.8863
00 271.460 270.283 0.9356 0.9411
00 271.460 270.558 0.8440 0.8470
00 271.460 270.319 0.8804 0.8849
00 271.459 270.457 0.8949 0.8981
00 271.460 270.240 0.9270 0.9329
00 271.460 270.560 0.8414 0.8444
00 271.460 270.336 0.8838 0.8882
00 271.459 270.509 0.9052 0.9085
00 271.460 270.160 0.9078 0.9144
00 271.460 270.561 0.8386 0.8416
00 271.460 270.370 0.8940 0.8981
00 271.459 270.497 0.9070 0.9103
00 271.460 270.139 0.8946 0.9012
00 271.460 270.553 0.8324 0.8354
00 271.460 270.415 0.9064 0.9101
00 271.459 270.454 0.9005 0.9038
00 271.460 270.147 0.8802 0.8866
00 271.460 270.552 0.8322 0.8351
00 271.460 270.423 0.9154 0.9191
00 271.459 270.424 0.8910 0.8944
00 271.460 270.223 0.8677 0.8732
00 271.460 270.558 0.8335 0.8364
00 271.460 270.377 0.9215 0.9259
00 271.459 270.475 0.8943 0.8975
00 271.460 270.349 0.8558 0.8597
00 271.460 270.564 0.8329 0.8359
00 271.460 270.322 0.9259 0.9309
00 271.459 270.542 0.9027 0.9059
00 271.460 270.439 0.8485 0.8515
00 271.460 270.571 0.8303 0.8332
00 271.460 270.284 0.9281 0.9335
00 271.459 270.578 0.9100 0.9129
00 271.460 270.471 0.8400 0.8430
00 271.460 270.581 0.8280 0.8309
00 271.460 270.292 0.9320 0.9373
00 271.459 270.604 0.9162 0.9188
00 271.460 270.501 0.8310 0.8339
00 271.460 270.590 0.8274 0.8303
00 271.460 270.345 0.9387 0.9435
00 271.459 270.630 0.9220 0.9243
00 271.460 270.550 0.8272 0.8301
00 271.470 270.610 0.8264 0.8292
00 271.460 270.369 0.9406 0.9452
00 271.459 270.653 0.9267 0.9288
00 271.465 270.623 0.8233 0.8259
00 271.883 270.963 0.8237 0.8263
00 271.460 270.402 0.9431 0.9473
00 271.465 270.678 0.9323 0.9342
00 271.581 270.819 0.8228 0.8242
00 271.971 271.040 0.8207 0.8233
00 271.933 270.893 0.9451 0.9494
00 271.945 271.142 0.9359 0.9375
00 272.099 271.343 0.8213 0.8217
00 272.443 271.446 0.8232 0.8259
00 272.880 271.836 0.9468 0.9511
00 273.063 272.202 0.9363 0.9385
00 272.992 272.140 0.8177 0.8192
00 272.820 271.768 0.8225 0.8265
00 273.140 272.055 0.9407 0.9452
00 273.021 272.150 0.9341 0.9364
00 273.156 272.303 0.8141 0.8153
00 271.460 270.464 0.8586 0.8616
00 271.460 270.454 0.8804 0.8836
00 271.459 270.372 0.8706 0.8745
00 271.460 270.433 0.9545 0.9585
00 271.460 270.492 0.8527 0.8558
00 271.460 270.473 0.8807 0.8838
00 271.459 270.364 0.8677 0.8716
00 271.460 270.391 0.9497 0.9542
00 271.460 270.535 0.8570 0.8601
00 271.460 270.429 0.8759 0.8792
00 271.459 270.360 0.8675 0.8714
00 271.460 270.341 0.9435 0.9484
00 271.460 270.560 0.8608 0.8639
00 271.460 270.383 0.8726 0.8764
00 271.459 270.384 0.8739 0.8776
00 271.460 270.302 0.9371 0.9424
00 271.460 270.566 0.8606 0.8637
00 271.460 270.389 0.8752 0.8789
00 271.459 270.431 0.8830 0.8862
00 271.460 270.259 0.9292 0.9349
00 271.460 270.566 0.8539 0.8569
00 271.460 270.454 0.8886 0.8918
00 271.459 270.517 0.8960 0.8992
00 271.460 270.155 0.9088 0.9154
00 271.460 270.567 0.8459 0.8490
00 271.460 270.522 0.9015 0.9047
00 271.459 270.560 0.9041 0.9072
00 271.460 270.143 0.8964 0.9030
00 271.460 270.556 0.8390 0.8420
00 271.460 270.561 0.9088 0.9119
00 271.459 270.547 0.9018 0.9051
00 271.460 270.149 0.8826 0.8891
00 271.460 270.556 0.8362 0.8392
00 271.460 270.530 0.9135 0.9168
00 271.459 270.556 0.9037 0.9069
00 271.460 270.203 0.8699 0.8756
00 271.460 270.565 0.8350 0.8379
00 271.460 270.435 0.9201 0.9238
00 271.459 270.581 0.9080 0.9109
00 271.460 270.298 0.8564 0.8609
00 271.460 270.566 0.8319 0.8348
00 271.460 270.359 0.9255 0.9301
00 271.459 270.609 0.9130 0.9156
00 271.460 270.380 0.8483 0.8518
00 271.460 270.576 0.8275 0.8304
00 271.460 270.312 0.9272 0.9323
00 271.459 270.633 0.9174 0.9197
00 271.460 270.418 0.8401 0.8431
00 271.460 270.586 0.8274 0.8303
00 271.460 270.303 0.9291 0.9343
00 271.459 270.654 0.9238 0.9259
00 271.478 270.459 0.8347 0.8378
00 271.474 270.617 0.8261 0.8288
00 271.460 270.315 0.9310 0.9361
00 271.459 270.668 0.9284 0.9304
00 271.600 270.588 0.8296 0.8338
00 271.770 270.891 0.8272 0.8295
00 271.479 270.368 0.9347 0.9394
00 271.644 270.850 0.9286 0.9304
00 271.651 270.678 0.8269 0.8305
00 271.945 271.052 0.8246 0.8268
00 272.063 270.982 0.9404 0.9450
00 271.823 271.024 0.9269 0.9286
00 271.750 270.823 0.8266 0.8295
00 272.218 271.307 0.8235 0.8253
00 272.864 271.801 0.9454 0.9499
00 272.417 271.547 0.9168 0.9196
00 272.676 271.658 0.8250 0.8289
00 272.562 271.626 0.8245 0.8278
00 273.181 272.141 0.9480 0.9521
00 272.916 271.921 0.9004 0.9039
00 273.177 272.108 0.8202 0.8237
00 271.460 270.524 0.8751 0.8783
00 271.460 270.497 0.8876 0.8908
00 271.459 270.413 0.8817 0.8851
00 271.460 270.487 0.9588 0.9623
00 271.460 270.506 0.8671 0.8702
00 271.460 270.536 0.8914 0.8946
00 271.459 270.416 0.8766 0.8800
00 271.460 270.457 0.9557 0.9595
00 271.460 270.497 0.8625 0.8656
00 271.460 270.532 0.8900 0.8932
00 271.459 270.396 0.8689 0.8724
00 271.460 270.424 0.9521 0.9562
00 271.460 270.508 0.8618 0.8649
00 271.460 270.459 0.8790 0.8822
00 271.459 270.380 0.8645 0.8682
00 271.460 270.376 0.9465 0.9510
00 271.460 270.530 0.8641 0.8672
00 271.460 270.388 0.8684 0.8721
00 271.459 270.374 0.8640 0.8678
00 271.460 270.336 0.9405 0.9454
00 271.460 270.534 0.8617 0.8647
00 271.460 270.388 0.8716 0.8753
00 271.459 270.386 0.8679 0.8716
00 271.460 270.289 0.9327 0.9381
00 271.460 270.529 0.8550 0.8580
00 271.460 270.442 0.8874 0.8907
00 271.459 270.448 0.8780 0.8812
00 271.460 270.214 0.9182 0.9242
00 271.460 270.524 0.8470 0.8500
00 271.460 270.518 0.9064 0.9097
00 271.459 270.511 0.8856 0.8888
00 271.460 270.150 0.9001 0.9067
00 271.460 270.525 0.8405 0.8435
00 271.460 270.571 0.9138 0.9168
00 271.459 270.585 0.8961 0.8989
00 271.460 270.146 0.8865 0.8930
00 271.460 270.533 0.8382 0.8412
00 271.460 270.540 0.9101 0.9134
00 271.459 270.622 0.9028 0.9053
00 271.460 270.181 0.8742 0.8802
00 271.460 270.541 0.8384 0.8414
00 271.460 270.462 0.9181 0.9215
00 271.459 270.634 0.9067 0.9090
00 271.460 270.243 0.8602 0.8653
00 271.460 270.552 0.8386 0.8416
00 271.460 270.393 0.9229 0.9271
00 271.459 270.644 0.9085 0.9107
00 271.460 270.301 0.8490 0.8534
00 271.460 270.566 0.8362 0.8392
00 271.460 270.363 0.9258 0.9303
00 271.459 270.656 0.9099 0.9119
00 271.529 270.388 0.8414 0.8454
00 271.473 270.594 0.8346 0.8376
00 271.460 270.349 0.9270 0.9317
00 271.459 270.652 0.9075 0.9096
00 271.747 270.596 0.8371 0.8425
00 272.084 271.134 0.8331 0.8357
00 271.485 270.380 0.9290 0.9336
00 271.682 270.819 0.8987 0.9012
00 271.955 270.792 0.8348 0.8399
00 272.124 271.190 0.8325 0.8349
00 272.708 271.575 0.9336 0.9389
00 272.409 271.391 0.8815 0.8847
00 272.319 271.126 0.8349 0.8397
00 272.980 271.948 0.8321 0.8357
00 273.334 272.213 0.9381 0.9428
00 273.174 271.984 0.8627 0.8678
00 272.797 271.549 0.8321 0.8380
00 273.422 272.343 0.8312 0.8344
00 273.763 272.664 0.9424 0.9472
00 273.510 272.263 0.8558 0.8609
00 273.767 272.383 0.8292 0.8351
00 271.460 270.493 0.8761 0.8793
00 271.460 270.469 0.8980 0.9013
00 271.461 270.443 0.8810 0.8841
00 271.460 270.540 0.9629 0.9662
00 271.460 270.504 0.8759 0.8791
00 271.460 270.512 0.9046 0.9079
00 271.459 270.505 0.8888 0.8920
00 271.460 270.516 0.9609 0.9645
00 271.460 270.488 0.8722 0.8753
00 271.460 270.516 0.9050 0.9083
00 271.459 270.511 0.8885 0.8917
00 271.460 270.498 0.9591 0.9626
00 271.460 270.463 0.8655 0.8686
00 271.460 270.534 0.9043 0.9076
00 271.459 270.503 0.8851 0.8882
00 271.460 270.480 0.9570 0.9605
00 271.460 270.467 0.8620 0.8650
00 271.460 270.538 0.8975 0.9008
00 271.459 270.494 0.8810 0.8841
00 271.460 270.461 0.9547 0.9584
00 271.460 270.488 0.8612 0.8643
00 271.460 270.486 0.8817 0.8849
00 271.459 270.477 0.8755 0.8786
00 271.460 270.431 0.9511 0.9552
00 271.460 270.491 0.8587 0.8618
00 271.460 270.407 0.8675 0.8709
00 271.459 270.443 0.8678 0.8710
00 271.460 270.385 0.9455 0.9499
00 271.460 270.475 0.8549 0.8579
00 271.460 270.374 0.8652 0.8689
00 271.459 270.420 0.8633 0.8666
00 271.460 270.328 0.9375 0.9425
00 271.460 270.477 0.8559 0.8590
00 271.460 270.384 0.8750 0.8787
00 271.459 270.415 0.8628 0.8660
00 271.460 270.264 0.9270 0.9326
00 271.460 270.491 0.8563 0.8594
00 271.460 270.457 0.8981 0.9014
00 271.459 270.418 0.8636 0.8668
00 271.460 270.164 0.9060 0.9125
00 271.460 270.515 0.8577 0.8607
00 271.460 270.532 0.9131 0.9164
00 271.459 270.434 0.8664 0.8695
00 271.460 270.136 0.8906 0.8972
00 271.460 270.535 0.8568 0.8599
00 271.460 270.549 0.9148 0.9180
00 271.459 270.443 0.8664 0.8696
00 271.460 270.160 0.8789 0.8852
00 271.460 270.543 0.8530 0.8560
00 271.460 270.498 0.9166 0.9200
00 271.459 270.456 0.8669 0.8700
00 271.460 270.214 0.8663 0.8719
00 271.460 270.540 0.8476 0.8507
00 271.460 270.447 0.9210 0.9245
00 271.459 270.452 0.8640 0.8671
00 271.520 270.325 0.8557 0.8605
00 271.460 270.543 0.8441 0.8471
00 271.460 270.424 0.9252 0.9291
00 271.459 270.445 0.8593 0.8623
00 271.744 270.542 0.8481 0.8538
00 271.489 270.589 0.8420 0.8452
00 271.460 270.420 0.9278 0.9317
00 271.471 270.468 0.8590 0.8622
00 271.829 270.622 0.8438 0.8497
00 272.644 271.613 0.8408 0.8450
00 272.208 271.134 0.9302 0.9346
00 272.072 271.028 0.8658 0.8696
00 272.036 270.824 0.8447 0.8503
00 273.664 272.505 0.8371 0.8417
00 273.555 272.431 0.9333 0.9379
00 272.579 271.536 0.8780 0.8822
00 272.817 271.544 0.8498 0.8560
00 273.985 272.787 0.8334 0.8386
00 274.079 272.976 0.9386 0.9432
00 273.614 272.555 0.8912 0.8956
00 273.444 272.142 0.8563 0.8622
00 271.460 270.446 0.8775 0.8806
00 271.460 270.468 0.9063 0.9096
00 271.459 270.324 0.8757 0.8801
00 271.460 270.554 0.9641 0.9673
00 271.460 270.476 0.8766 0.8798
00 271.460 270.513 0.9144 0.9177
00 271.460 270.376 0.8675 0.8713
00 271.460 270.553 0.9634 0.9666
00 271.460 270.472 0.8749 0.8781
00 271.460 270.518 0.9165 0.9199
00 271.459 270.425 0.8722 0.8755
00 271.460 270.541 0.9622 0.9655
00 271.460 270.471 0.8737 0.8768
00 271.460 270.491 0.9111 0.9144
00 271.459 270.481 0.8785 0.8816
00 271.460 270.536 0.9615 0.9648
00 271.460 270.472 0.8706 0.8738
00 271.460 270.487 0.9067 0.9100
00 271.459 270.509 0.8831 0.8863
00 271.460 270.526 0.9603 0.9638
00 271.460 270.485 0.8700 0.8731
00 271.460 270.522 0.9047 0.9080
00 271.459 270.528 0.8857 0.8888
00 271.460 270.515 0.9591 0.9626
00 271.460 270.487 0.8692 0.8724
00 271.460 270.550 0.8984 0.9017
00 271.459 270.539 0.8857 0.8889
00 271.460 270.503 0.9576 0.9611
00 271.460 270.459 0.8664 0.8695
00 271.460 270.513 0.8850 0.8882
00 271.459 270.543 0.8838 0.8870
00 271.460 270.482 0.9553 0.9589
00 271.460 270.475 0.8693 0.8725
00 271.460 270.425 0.8715 0.8748
00 271.459 270.547 0.8830 0.8862
00 271.460 270.446 0.9516 0.9555
00 271.460 270.509 0.8728 0.8759
00 271.460 270.394 0.8661 0.8697
00 271.459 270.549 0.8823 0.8854
00 271.460 270.384 0.9442 0.9487
00 271.460 270.537 0.8773 0.8804
00 271.460 270.394 0.8668 0.8703
00 271.459 270.553 0.8815 0.8847
00 271.460 270.314 0.9344 0.9395
00 271.460 270.559 0.8782 0.8813
00 271.460 270.373 0.8737 0.8776
00 271.459 270.550 0.8809 0.8841
00 271.460 270.223 0.9179 0.9239
00 271.460 270.565 0.8752 0.8783
00 271.460 270.373 0.8914 0.8954
00 271.459 270.550 0.8816 0.8847
00 271.460 270.148 0.8979 0.9044
00 271.460 270.565 0.8716 0.8747
00 271.460 270.409 0.9044 0.9082
00 271.459 270.550 0.8815 0.8846
00 271.460 270.155 0.8845 0.8909
00 271.460 270.556 0.8687 0.8718
00 271.460 270.450 0.9132 0.9166
00 271.459 270.561 0.8836 0.8867
00 271.460 270.207 0.8729 0.8785
00 271.460 270.546 0.8659 0.8690
00 271.460 270.480 0.9221 0.9254
00 271.459 270.578 0.8876 0.8905
00 271.649 270.432 0.8553 0.8601
00 271.460 270.544 0.8633 0.8664
00 271.460 270.464 0.9255 0.9289
00 271.459 270.606 0.8917 0.8944
00 271.799 270.586 0.8529 0.8589
00 271.511 270.604 0.8592 0.8623
00 271.613 270.618 0.9304 0.9344
00 271.694 270.843 0.8955 0.8978
00 273.108 271.740 0.8501 0.8571
00 273.086 272.004 0.8545 0.8585
00 272.957 271.889 0.9321 0.9365
00 272.662 271.761 0.8997 0.9025
00 273.672 272.283 0.8541 0.8605
00 274.045 272.846 0.8467 0.8519
00 274.246 273.127 0.9346 0.9392
00 273.716 272.766 0.9101 0.9133
00 273.819 272.482 0.8625 0.8687
00 271.460 270.449 0.8839 0.8871
00 271.460 270.479 0.9177 0.9211
00 271.459 270.291 0.8833 0.8882
00 271.460 270.551 0.9646 0.9678
00 271.460 270.493 0.8881 0.8913
00 271.460 270.556 0.9298 0.9329
00 271.459 270.338 0.8705 0.8747
00 271.460 270.550 0.9642 0.9673
00 271.460 270.481 0.8863 0.8895
00 271.460 270.560 0.9303 0.9334
00 271.459 270.351 0.8610 0.8650
00 271.460 270.547 0.9632 0.9665
00 271.460 270.467 0.8831 0.8863
00 271.460 270.553 0.9278 0.9310
00 271.459 270.366 0.8576 0.8614
00 271.460 270.547 0.9626 0.9658
00 271.460 270.476 0.8793 0.8825
00 271.460 270.526 0.9207 0.9240
00 271.459 270.382 0.8555 0.8591
00 271.460 270.549 0.9621 0.9653
00 271.460 270.502 0.8786 0.8818
00 271.460 270.490 0.9117 0.9150
00 271.459 270.410 0.8622 0.8655
00 271.460 270.549 0.9616 0.9648
00 271.460 270.511 0.8773 0.8805
00 271.460 270.477 0.9037 0.9070
00 271.459 270.422 0.8652 0.8684
00 271.460 270.547 0.9610 0.9643
00 271.460 270.490 0.8762 0.8793
00 271.460 270.521 0.9012 0.9045
00 271.459 270.441 0.8689 0.8720
00 271.460 270.544 0.9604 0.9637
00 271.460 270.477 0.8753 0.8785
00 271.460 270.576 0.9001 0.9031
00 271.459 270.462 0.8742 0.8773
00 271.460 270.536 0.9596 0.9630
00 271.460 270.522 0.8811 0.8843
00 271.460 270.578 0.8987 0.9017
00 271.459 270.484 0.8785 0.8816
00 271.460 270.524 0.9585 0.9620
00 271.460 270.570 0.8849 0.8879
00 271.460 270.507 0.8941 0.8973
00 271.459 270.512 0.8827 0.8859
00 271.460 270.504 0.9569 0.9605
00 271.460 270.601 0.8859 0.8886
00 271.460 270.452 0.8882 0.8914
00 271.459 270.528 0.8838 0.8870
00 271.460 270.448 0.9514 0.9552
00 271.460 270.621 0.8864 0.8889
00 271.460 270.437 0.8815 0.8847
00 271.459 270.546 0.8845 0.8877
00 271.460 270.370 0.9422 0.9468
00 271.460 270.631 0.8854 0.8878
00 271.460 270.422 0.8723 0.8756
00 271.459 270.561 0.8853 0.8884
00 271.460 270.290 0.9303 0.9356
00 271.460 270.632 0.8833 0.8857
00 271.460 270.389 0.8677 0.8713
00 271.459 270.578 0.8854 0.8883
00 271.474 270.172 0.9041 0.9107
00 271.460 270.624 0.8811 0.8836
00 271.460 270.340 0.8781 0.8824
00 271.459 270.603 0.8866 0.8892
00 271.728 270.396 0.8895 0.8959
00 271.460 270.600 0.8741 0.8768
00 271.460 270.304 0.8874 0.8922
00 271.470 270.639 0.8882 0.8905
00 271.930 270.622 0.8782 0.8852
00 271.470 270.586 0.8669 0.8699
00 271.545 270.367 0.8930 0.8980
00 271.739 270.902 0.8923 0.8944
00 271.852 270.602 0.8581 0.8644
00 272.051 271.077 0.8595 0.8625
00 272.139 270.913 0.8996 0.9055
00 271.916 271.074 0.8956 0.8976
00 271.793 270.589 0.8547 0.8607
00 272.111 271.122 0.8542 0.8573
00 272.326 271.155 0.9117 0.9168
00 271.906 271.066 0.9018 0.9038
00 272.187 270.962 0.8548 0.8603
00 273.497 272.319 0.8469 0.8512
00 273.312 272.154 0.9221 0.9272
00 272.316 271.446 0.9108 0.9126
00 272.731 271.472 0.8562 0.8617
00 271.460 270.432 0.8836 0.8869
00 271.460 270.527 0.9230 0.9263
00 271.459 270.331 0.8734 0.8777
00 271.460 270.547 0.9640 0.9672
00 271.460 270.468 0.8866 0.8898
00 271.460 270.523 0.9219 0.9253
00 271.459 270.354 0.8628 0.8667
00 271.460 270.551 0.9636 0.9668
00 271.460 270.504 0.8918 0.8951
00 271.460 270.530 0.9235 0.9269
00 271.459 270.380 0.8630 0.8666
00 271.460 270.558 0.9634 0.9665
00 271.460 270.528 0.8931 0.8963
00 271.460 270.533 0.9238 0.9272
00 271.459 270.369 0.8509 0.8546
00 271.460 270.563 0.9630 0.9660
00 271.460 270.526 0.8897 0.8930
00 271.460 270.528 0.9202 0.9235
00 271.459 270.383 0.8489 0.8524
00 271.460 270.566 0.9626 0.9656
00 271.460 270.514 0.8859 0.8891
00 271.460 270.514 0.9137 0.9170
00 271.459 270.398 0.8532 0.8565
00 271.460 270.568 0.9621 0.9651
00 271.460 270.489 0.8816 0.8848
00 271.460 270.511 0.9076 0.9110
00 271.459 270.414 0.8602 0.8635
00 271.460 270.567 0.9617 0.9647
00 271.460 270.519 0.8837 0.8869
00 271.460 270.543 0.9034 0.9067
00 271.459 270.442 0.8689 0.8721
00 271.460 270.561 0.9610 0.9641
00 271.460 270.587 0.8899 0.8928
00 271.460 270.610 0.9053 0.9079
00 271.459 270.482 0.8786 0.8818
00 271.460 270.554 0.9604 0.9636
00 271.460 270.618 0.8889 0.8915
00 271.460 270.646 0.9060 0.9082
00 271.459 270.517 0.8834 0.8866
00 271.460 270.551 0.9604 0.9636
00 271.460 270.638 0.8901 0.8924
00 271.460 270.643 0.9049 0.9071
00 271.459 270.549 0.8871 0.8903
00 271.460 270.543 0.9602 0.9635
00 271.460 270.649 0.8899 0.8921
00 271.460 270.617 0.9011 0.9036
00 271.459 270.569 0.8890 0.8920
00 271.460 270.505 0.9569 0.9605
00 271.460 270.663 0.8916 0.8937
00 271.460 270.609 0.9008 0.9034
00 271.459 270.575 0.8904 0.8934
00 271.467 270.443 0.9499 0.9539
00 271.460 270.667 0.8906 0.8926
00 271.460 270.556 0.8959 0.8991
00 271.459 270.564 0.8891 0.8921
00 271.661 270.540 0.9388 0.9442
00 271.460 270.682 0.8935 0.8953
00 271.460 270.471 0.8851 0.8883
00 271.459 270.543 0.8868 0.8900
00 271.819 270.548 0.9155 0.9223
00 271.460 270.688 0.8920 0.8938
00 271.468 270.448 0.8643 0.8675
00 271.476 270.547 0.8820 0.8854
00 271.882 270.542 0.8944 0.9017
00 271.550 270.774 0.8886 0.8903
00 272.050 270.938 0.8515 0.8560
00 271.981 271.014 0.8751 0.8783
00 272.060 270.735 0.8833 0.8903
00 272.834 271.932 0.8850 0.8876
00 272.904 271.657 0.8678 0.8740
00 272.319 271.354 0.8751 0.8777
00 272.900 271.531 0.8653 0.8724
00 273.144 272.187 0.8795 0.8823
00 273.071 271.776 0.8772 0.8837
00 272.609 271.664 0.8820 0.8853
00 272.753 271.445 0.8560 0.8617
00 273.257 272.239 0.8705 0.8737
00 272.989 271.699 0.8865 0.8931
00 272.564 271.660 0.8897 0.8926
00 272.724 271.440 0.8558 0.8612
00 271.460 270.385 0.8885 0.8924
00 271.460 270.506 0.9081 0.9115
00 271.459 270.260 0.8883 0.8935
00 271.460 270.535 0.9643 0.9676
00 271.460 270.437 0.8937 0.8971
00 271.460 270.511 0.9071 0.9105
00 271.459 270.303 0.8791 0.8838
00 271.460 270.539 0.9639 0.9672
00 271.460 270.495 0.8989 0.9022
00 271.460 270.513 0.9056 0.9089
00 271.459 270.315 0.8659 0.8703
00 271.460 270.557 0.9642 0.9673
00 271.460 270.502 0.8969 0.9001
00 271.460 270.509 0.9056 0.9089
00 271.459 270.359 0.8625 0.8664
00 271.460 270.567 0.9641 0.9671
00 271.460 270.509 0.8944 0.8977
00 271.460 270.505 0.9084 0.9118
00 271.459 270.364 0.8558 0.8596
00 271.460 270.571 0.9637 0.9667
00 271.460 270.527 0.8944 0.8977
00 271.460 270.519 0.9126 0.9159
00 271.459 270.407 0.8622 0.8656
00 271.460 270.571 0.9631 0.9661
00 271.460 270.522 0.8936 0.8968
00 271.460 270.527 0.9136 0.9169
00 271.459 270.413 0.8625 0.8658
00 271.460 270.569 0.9624 0.9654
00 271.460 270.523 0.8911 0.8943
00 271.460 270.517 0.9095 0.9128
00 271.459 270.406 0.8625 0.8659
00 271.460 270.568 0.9618 0.9648
00 271.460 270.584 0.8940 0.8968
00 271.460 270.461 0.8979 0.9011
00 271.459 270.407 0.8631 0.8665
00 271.460 270.563 0.9612 0.9642
00 271.460 270.625 0.8956 0.8981
00 271.460 270.449 0.8883 0.8915
00 271.459 270.433 0.8654 0.8685
00 271.460 270.556 0.9605 0.9636
00 271.460 270.636 0.8940 0.8964
00 271.460 270.482 0.8815 0.8847
00 271.459 270.479 0.8700 0.8732
00 271.460 270.551 0.9602 0.9634
00 271.460 270.649 0.8948 0.8970
00 271.460 270.513 0.8698 0.8730
00 271.459 270.518 0.8748 0.8780
00 271.460 270.556 0.9607 0.9639
00 271.460 270.661 0.8982 0.9003
00 271.460 270.554 0.8639 0.8671
00 271.459 270.524 0.8754 0.8785
00 271.460 270.556 0.9608 0.9639
00 271.460 270.671 0.9001 0.9021
00 271.460 270.595 0.8674 0.8702
00 271.459 270.528 0.8794 0.8826
00 271.460 270.537 0.9590 0.9624
00 271.460 270.681 0.9008 0.9027
00 271.460 270.612 0.8736 0.8761
00 271.459 270.538 0.8846 0.8878
00 271.495 270.523 0.9545 0.9583
00 271.460 270.689 0.9011 0.9028
00 271.460 270.585 0.8870 0.8899
00 271.459 270.526 0.8862 0.8894
00 271.705 270.640 0.9454 0.9501
00 271.460 270.700 0.9020 0.9036
00 271.460 270.530 0.8903 0.8935
00 271.460 270.514 0.8879 0.8911
00 271.725 270.550 0.9311 0.9370
00 272.005 271.212 0.9036 0.9050
00 271.461 270.467 0.8691 0.8723
00 271.677 270.706 0.8861 0.8897
00 271.953 270.629 0.9023 0.9095
00 272.244 271.437 0.9033 0.9045
00 271.986 270.948 0.8512 0.8550
00 271.755 270.780 0.8780 0.8815
00 272.166 270.833 0.8882 0.8951
00 272.546 271.718 0.9001 0.9022
00 272.273 271.226 0.8453 0.8487
00 272.160 271.179 0.8714 0.8744
00 272.796 271.449 0.8727 0.8789
00 272.636 271.793 0.8942 0.8964
00 272.361 271.320 0.8487 0.8518
00 272.521 271.558 0.8783 0.8819
00 273.234 271.880 0.8589 0.8657
00 271.460 270.436 0.9027 0.9062
00 271.460 270.508 0.9037 0.9070
00 271.459 270.300 0.8979 0.9028
00 271.460 270.525 0.9642 0.9676
00 271.460 270.485 0.9033 0.9066
00 271.460 270.521 0.8988 0.9021
00 271.459 270.324 0.8797 0.8842
00 271.460 270.558 0.9643 0.9674
00 271.460 270.454 0.8859 0.8891
00 271.460 270.539 0.9059 0.9092
00 271.459 270.366 0.8668 0.8707
00 271.460 270.574 0.9635 0.9664
00 271.460 270.539 0.8903 0.8935
00 271.460 270.500 0.8982 0.9014
00 271.459 270.420 0.8695 0.8728
00 271.460 270.571 0.9624 0.9654
00 271.460 270.595 0.8982 0.9010
00 271.460 270.487 0.8913 0.8945
00 271.459 270.416 0.8702 0.8735
00 271.460 270.551 0.9612 0.9643
00 271.460 270.616 0.8964 0.8989
00 271.460 270.469 0.8829 0.8861
00 271.459 270.400 0.8664 0.8699
00 271.460 270.540 0.9603 0.9636
00 271.460 270.638 0.8964 0.8987
00 271.460 270.446 0.8657 0.8688
00 271.459 270.406 0.8654 0.8688
00 271.460 270.534 0.9597 0.9631
00 271.460 270.652 0.9021 0.9042
00 271.460 270.470 0.8484 0.8514
00 271.459 270.422 0.8658 0.8690
00 271.460 270.531 0.9594 0.9628
00 271.460 270.670 0.9095 0.9115
00 271.460 270.535 0.8501 0.8531
00 271.459 270.425 0.8640 0.8672
00 271.460 270.538 0.9597 0.9630
00 271.460 270.686 0.9122 0.9140
00 271.460 270.601 0.8542 0.8569
00 271.459 270.442 0.8658 0.8689
00 271.460 270.544 0.9596 0.9629
00 271.460 270.696 0.9116 0.9133
00 271.460 270.636 0.8658 0.8681
00 271.459 270.473 0.8746 0.8778
00 271.460 270.538 0.9587 0.9620
00 271.460 270.707 0.9103 0.9118
00 271.460 270.622 0.8813 0.8838
00 271.459 270.486 0.8811 0.8843
00 271.461 270.513 0.9560 0.9595
00 271.460 270.718 0.9100 0.9114
00 271.460 270.561 0.8863 0.8894
00 271.459 270.496 0.8848 0.8880
00 271.812 270.796 0.9502 0.9544
00 271.462 270.731 0.9105 0.9118
00 271.477 270.514 0.8740 0.8773
00 271.468 270.506 0.8841 0.8874
00 271.665 270.553 0.9386 0.9439
00 272.432 271.631 0.9094 0.9114
00 272.197 271.125 0.8583 0.8621
00 271.824 270.855 0.8859 0.8893
00 272.152 270.856 0.9121 0.9189
00 272.578 271.768 0.9074 0.9094
00 272.415 271.347 0.8547 0.8581
00 272.209 271.224 0.8857 0.8888
00 272.635 271.263 0.8937 0.9005
00 272.568 271.754 0.9040 0.9060
00 272.635 271.566 0.8516 0.8562
00 272.501 271.501 0.8848 0.8883
00 272.910 271.542 0.8753 0.8826
00 271.460 270.569 0.9052 0.9082
00 271.460 270.557 0.9068 0.9099
00 271.459 270.401 0.8631 0.8665
00 271.460 270.551 0.9625 0.9657
00 271.460 270.592 0.9027 0.9055
00 271.460 270.520 0.8948 0.8980
00 271.459 270.430 0.8745 0.8777
00 271.460 270.543 0.9616 0.9649
00 271.460 270.610 0.8979 0.9005
00 271.460 270.521 0.8825 0.8856
00 271.459 270.456 0.8801 0.8832
00 271.460 270.532 0.9606 0.9640
00 271.460 270.632 0.8986 0.9010
00 271.460 270.525 0.8630 0.8661
00 271.459 270.458 0.8810 0.8842
00 271.460 270.520 0.9596 0.9632
00 271.460 270.654 0.9054 0.9075
00 271.460 270.511 0.8464 0.8494
00 271.459 270.441 0.8782 0.8814
00 271.460 270.512 0.9589 0.9625
00 271.460 270.673 0.9144 0.9163
00 271.460 270.525 0.8463 0.8493
00 271.459 270.421 0.8743 0.8777
00 271.460 270.512 0.9588 0.9624
00 271.460 270.679 0.9155 0.9173
00 271.460 270.564 0.8532 0.8563
00 271.459 270.404 0.8691 0.8726
00 271.460 270.512 0.9582 0.9617
00 271.460 270.692 0.9151 0.9168
00 271.460 270.614 0.8737 0.8762
00 271.459 270.400 0.8643 0.8678
00 271.460 270.518 0.9578 0.9614
00 271.460 270.705 0.9143 0.9159
00 271.460 270.623 0.8876 0.8901
00 271.459 270.404 0.8611 0.8645
00 271.544 270.599 0.9571 0.9607
00 271.461 270.718 0.9151 0.9165
00 271.472 270.604 0.8876 0.8904
00 271.490 270.471 0.8670 0.8704
00 271.842 270.882 0.9559 0.9594
00 271.988 271.217 0.9141 0.9153
00 271.901 270.949 0.8807 0.8839
00 271.916 270.902 0.8765 0.8803
00 272.029 271.036 0.9528 0.9566
00 272.634 271.825 0.9124 0.9143
00 272.147 271.150 0.8812 0.8845
00 272.130 271.121 0.8783 0.8817
00 271.946 270.882 0.9447 0.9493
00 272.500 271.707 0.9104 0.9123
00 272.314 271.306 0.8812 0.8843
00 272.203 271.205 0.8792 0.8824
00 272.323 271.115 0.9264 0.9321
00 272.874 272.061 0.9099 0.9116
00 272.796 271.748 0.8781 0.8822
00 272.771 271.722 0.8786 0.8828
00 272.927 271.564 0.9013 0.9088
00 271.460 270.373 0.9498 0.9544
00 271.460 270.367 0.9463 0.9510
00 271.460 270.234 0.8896 0.8952
00 271.460 270.257 0.9278 0.9334
00 271.460 270.370 0.9489 0.9535
00 271.460 270.290 0.9379 0.9433
00 271.460 270.264 0.8835 0.8887
00 271.460 270.264 0.9207 0.9262
00 271.460 270.363 0.9475 0.9522
00 271.460 270.285 0.9344 0.9399
00 271.460 270.267 0.8816 0.8867
00 271.460 270.302 0.9113 0.9163
00 271.460 270.376 0.9479 0.9524
00 271.460 270.288 0.9327 0.9381
00 271.460 270.282 0.8857 0.8906
00 271.460 270.324 0.9067 0.9114
00 271.460 270.414 0.9502 0.9544
00 271.460 270.282 0.9319 0.9374
00 271.460 270.301 0.8919 0.8967
00 271.460 270.320 0.9039 0.9086
00 271.460 270.414 0.9496 0.9538
00 271.460 270.270 0.9312 0.9368
00 271.460 270.390 0.9036 0.9076
00 271.460 270.297 0.9004 0.9054
00 271.460 270.355 0.9424 0.9471
00 271.460 270.299 0.9348 0.9401
00 271.460 270.483 0.9202 0.9236
00 271.460 270.318 0.9072 0.9120
00 271.460 270.205 0.9197 0.9259
00 271.460 270.370 0.9424 0.9470
00 271.460 270.532 0.9339 0.9373
00 271.460 270.290 0.9077 0.9128
00 271.460 270.180 0.9080 0.9143
00 271.460 270.463 0.9515 0.9552
00 271.460 270.548 0.9398 0.9430
00 271.460 270.287 0.9069 0.9120
00 271.460 270.207 0.9022 0.9082
00 271.460 270.500 0.9557 0.9592
00 271.460 270.570 0.9451 0.9481
00 271.460 270.300 0.9087 0.9137
00 271.460 270.249 0.8960 0.9015
00 271.460 270.508 0.9562 0.9597
00 271.460 270.575 0.9456 0.9485
00 271.460 270.274 0.9082 0.9135
00 271.459 270.301 0.8889 0.8937
00 271.460 270.511 0.9566 0.9601
00 271.460 270.579 0.9419 0.9448
00 271.460 270.253 0.9092 0.9147
00 271.467 270.344 0.8815 0.8859
00 271.460 270.513 0.9563 0.9598
00 271.549 270.667 0.9342 0.9371
00 271.462 270.305 0.9194 0.9245
00 271.596 270.501 0.8759 0.8804
00 271.460 270.504 0.9538 0.9573
00 271.980 271.057 0.9223 0.9252
00 271.732 270.655 0.9285 0.9333
00 272.027 270.941 0.8682 0.8725
00 271.645 270.637 0.9443 0.9484
00 272.326 271.318 0.9059 0.9093
00 272.310 271.343 0.9435 0.9468
00 272.708 271.606 0.8601 0.8649
00 273.038 271.936 0.9370 0.9417
00 272.934 271.781 0.8900 0.8952
00 272.743 271.765 0.9444 0.9480
00 272.948 271.841 0.8552 0.8597
00 273.056 271.887 0.9270 0.9324
00 273.348 272.107 0.8764 0.8819
00 273.135 272.135 0.9435 0.9471
00 272.992 271.890 0.8539 0.8583
00 273.000 271.729 0.9055 0.9119
00 273.262 272.043 0.8734 0.8788
00 273.321 272.286 0.9413 0.9452
00 271.460 270.399 0.9516 0.9560
00 271.460 270.271 0.9371 0.9427
00 271.460 270.231 0.8872 0.8927
00 271.460 270.272 0.9262 0.9317
00 271.460 270.398 0.9509 0.9552
00 271.460 270.217 0.9293 0.9355
00 271.460 270.266 0.8833 0.8884
00 271.460 270.295 0.9133 0.9185
00 271.460 270.394 0.9497 0.9541
00 271.460 270.234 0.9273 0.9333
00 271.460 270.270 0.8796 0.8847
00 271.460 270.345 0.9119 0.9164
00 271.460 270.386 0.9485 0.9529
00 271.460 270.264 0.9274 0.9330
00 271.460 270.291 0.8789 0.8837
00 271.460 270.324 0.9065 0.9112
00 271.460 270.385 0.9478 0.9523
00 271.460 270.292 0.9291 0.9344
00 271.460 270.300 0.8785 0.8832
00 271.460 270.349 0.9066 0.9110
00 271.460 270.408 0.9491 0.9533
00 271.460 270.302 0.9302 0.9354
00 271.460 270.332 0.8888 0.8933
00 271.460 270.326 0.9025 0.9072
00 271.460 270.434 0.9509 0.9549
00 271.460 270.315 0.9321 0.9372
00 271.460 270.423 0.9049 0.9086
00 271.460 270.307 0.9014 0.9062
00 271.460 270.424 0.9492 0.9533
00 271.460 270.331 0.9339 0.9388
00 271.460 270.496 0.9175 0.9209
00 271.460 270.308 0.9085 0.9134
00 271.460 270.361 0.9401 0.9448
00 271.460 270.363 0.9375 0.9422
00 271.460 270.532 0.9267 0.9300
00 271.460 270.292 0.9067 0.9118
00 271.460 270.249 0.9191 0.9248
00 271.460 270.418 0.9435 0.9475
00 271.460 270.554 0.9317 0.9349
00 271.460 270.284 0.9040 0.9092
00 271.460 270.240 0.9101 0.9158
00 271.460 270.499 0.9526 0.9561
00 271.460 270.546 0.9286 0.9319
00 271.460 270.257 0.9071 0.9125
00 271.461 270.262 0.9014 0.9068
00 271.460 270.531 0.9565 0.9599
00 271.460 270.559 0.9273 0.9305
00 271.460 270.250 0.9126 0.9183
00 271.474 270.324 0.8942 0.8989
00 271.460 270.532 0.9572 0.9606
00 271.531 270.633 0.9225 0.9255
00 271.461 270.276 0.9179 0.9233
00 271.676 270.546 0.8873 0.8925
00 271.462 270.542 0.9573 0.9606
00 271.900 270.947 0.9137 0.9169
00 271.537 270.472 0.9295 0.9336
00 271.903 270.773 0.8817 0.8867
00 271.820 270.896 0.9558 0.9590
00 271.993 270.955 0.8968 0.9009
00 272.042 271.091 0.9449 0.9482
00 272.849 271.644 0.8749 0.8807
00 272.949 271.971 0.9499 0.9534
00 273.194 272.007 0.8779 0.8831
00 273.125 272.131 0.9447 0.9483
00 273.067 271.878 0.8654 0.8706
00 273.092 272.084 0.9451 0.9488
00 273.051 271.915 0.8661 0.8708
00 273.539 272.528 0.9443 0.9483
00 273.275 272.106 0.8594 0.8641
00 273.577 272.495 0.9395 0.9439
00 273.179 272.027 0.8596 0.8643
00 273.733 272.714 0.9444 0.9484
00 271.460 270.428 0.9536 0.9577
00 271.460 270.189 0.9245 0.9309
00 271.460 270.247 0.8906 0.8960
00 271.460 270.299 0.9241 0.9293
00 271.460 270.431 0.9531 0.9572
00 271.460 270.175 0.9190 0.9255
00 271.460 270.267 0.8832 0.8883
00 271.460 270.366 0.9171 0.9214
00 271.460 270.429 0.9524 0.9565
00 271.460 270.173 0.9163 0.9228
00 271.460 270.267 0.8791 0.8842
00 271.460 270.330 0.9114 0.9161
00 271.460 270.424 0.9517 0.9558
00 271.460 270.174 0.9153 0.9218
00 271.460 270.300 0.8789 0.8836
00 271.460 270.306 0.9062 0.9112
00 271.460 270.416 0.9510 0.9551
00 271.460 270.174 0.9151 0.9216
00 271.460 270.327 0.8794 0.8838
00 271.460 270.325 0.9052 0.9099
00 271.460 270.408 0.9499 0.9541
00 271.460 270.187 0.9168 0.9232
00 271.460 270.348 0.8827 0.8870
00 271.460 270.324 0.9038 0.9085
00 271.460 270.403 0.9485 0.9528
00 271.460 270.220 0.9201 0.9261
00 271.460 270.382 0.8907 0.8947
00 271.460 270.292 0.9012 0.9062
00 271.460 270.418 0.9490 0.9532
00 271.460 270.266 0.9243 0.9298
00 271.460 270.431 0.9018 0.9053
00 271.460 270.287 0.9057 0.9108
00 271.460 270.436 0.9498 0.9537
00 271.460 270.302 0.9275 0.9327
00 271.460 270.485 0.9115 0.9148
00 271.460 270.269 0.9074 0.9127
00 271.460 270.427 0.9469 0.9509
00 271.460 270.332 0.9302 0.9351
00 271.460 270.509 0.9159 0.9192
00 271.460 270.272 0.9119 0.9172
00 271.460 270.347 0.9320 0.9367
00 271.460 270.367 0.9334 0.9379
00 271.460 270.522 0.9176 0.9210
00 271.460 270.266 0.9159 0.9213
00 271.461 270.316 0.9214 0.9264
00 271.460 270.415 0.9390 0.9431
00 271.460 270.546 0.9188 0.9221
00 271.460 270.312 0.9221 0.9271
00 271.580 270.430 0.9127 0.9175
00 271.496 270.535 0.9501 0.9538
00 271.461 270.552 0.9173 0.9205
00 271.461 270.372 0.9278 0.9322
00 271.699 270.567 0.9024 0.9077
00 271.873 270.948 0.9569 0.9601
00 271.612 270.642 0.9013 0.9050
00 271.463 270.422 0.9308 0.9347
00 271.741 270.627 0.8955 0.9006
00 271.934 271.012 0.9569 0.9600
00 271.769 270.757 0.8739 0.8778
00 271.880 270.838 0.9300 0.9343
00 272.280 271.127 0.8890 0.8939
00 272.573 271.630 0.9535 0.9569
00 272.492 271.474 0.8667 0.8700
00 273.169 272.125 0.9369 0.9409
00 272.920 271.711 0.8833 0.8891
00 273.300 272.351 0.9518 0.9548
00 273.262 272.143 0.8657 0.8700
00 273.786 272.743 0.9407 0.9449
00 273.659 272.386 0.8749 0.8803
00 273.923 272.946 0.9490 0.9525
00 273.871 272.652 0.8599 0.8656
00 274.376 273.317 0.9431 0.9470
00 271.460 270.448 0.9547 0.9586
00 271.460 270.173 0.9144 0.9208
00 271.460 270.249 0.8926 0.8980
00 271.460 270.310 0.9205 0.9255
00 271.460 270.462 0.9553 0.9590
00 271.460 270.180 0.9104 0.9168
00 271.460 270.260 0.8856 0.8908
00 271.460 270.403 0.9208 0.9248
00 271.460 270.466 0.9550 0.9587
00 271.460 270.172 0.9074 0.9138
00 271.460 270.259 0.8804 0.8856
00 271.460 270.338 0.9151 0.9197
00 271.460 270.464 0.9547 0.9584
00 271.460 270.162 0.9044 0.9109
00 271.460 270.290 0.8771 0.8819
00 271.460 270.300 0.9115 0.9166
00 271.460 270.460 0.9545 0.9582
00 271.460 270.169 0.9042 0.9106
00 271.460 270.350 0.8800 0.8842
00 271.460 270.289 0.9102 0.9154
00 271.460 270.451 0.9538 0.9576
00 271.460 270.170 0.9033 0.9097
00 271.460 270.382 0.8819 0.8857
00 271.460 270.313 0.9136 0.9185
00 271.460 270.441 0.9526 0.9566
00 271.460 270.176 0.9039 0.9103
00 271.460 270.388 0.8830 0.8868
00 271.460 270.370 0.9216 0.9259
00 271.460 270.430 0.9512 0.9553
00 271.460 270.175 0.9047 0.9111
00 271.460 270.404 0.8891 0.8928
00 271.460 270.478 0.9354 0.9389
00 271.460 270.424 0.9499 0.9540
00 271.460 270.168 0.9053 0.9117
00 271.460 270.436 0.9003 0.9037
00 271.460 270.530 0.9437 0.9471
00 271.460 270.422 0.9486 0.9527
00 271.460 270.165 0.9067 0.9132
00 271.460 270.470 0.9081 0.9114
00 271.460 270.541 0.9456 0.9489
00 271.458 270.420 0.9468 0.9509
00 271.486 270.208 0.9104 0.9167
00 271.460 270.505 0.9130 0.9164
00 271.460 270.514 0.9415 0.9450
00 271.478 270.420 0.9410 0.9452
00 271.679 270.440 0.9165 0.9222
00 271.461 270.530 0.9137 0.9170
00 271.460 270.466 0.9332 0.9366
00 271.650 270.542 0.9285 0.9337
00 271.800 270.618 0.9219 0.9277
00 271.576 270.635 0.9017 0.9051
00 271.461 270.449 0.9301 0.9337
00 271.804 270.700 0.9206 0.9256
00 271.962 270.845 0.9290 0.9341
00 272.023 271.014 0.8717 0.8753
00 271.514 270.520 0.9327 0.9366
00 272.003 270.943 0.9174 0.9217
00 271.980 270.917 0.9347 0.9391
00 271.667 270.762 0.8659 0.8688
00 271.912 270.916 0.9342 0.9380
00 272.701 271.588 0.9147 0.9198
00 272.546 271.521 0.9401 0.9443
00 272.143 271.195 0.8693 0.8719
00 272.483 271.482 0.9374 0.9410
00 273.137 271.946 0.9014 0.9068
00 273.197 272.219 0.9467 0.9501
00 272.841 271.771 0.8617 0.8660
00 273.126 272.132 0.9429 0.9464
00 273.476 272.234 0.8926 0.8981
00 273.534 272.580 0.9494 0.9528
00 273.312 272.202 0.8585 0.8625
00 273.420 272.411 0.9428 0.9463
00 271.460 270.483 0.9568 0.9603
00 271.460 270.196 0.9142 0.9205
00 271.460 270.243 0.9041 0.9097
00 271.460 270.235 0.9253 0.9312
00 271.460 270.464 0.9551 0.9588
00 271.460 270.180 0.9073 0.9137
00 271.460 270.258 0.8970 0.9024
00 271.460 270.313 0.9188 0.9237
00 271.460 270.472 0.9562 0.9598
00 271.460 270.168 0.9015 0.9079
00 271.460 270.246 0.8876 0.8930
00 271.460 270.398 0.9203 0.9244
00 271.460 270.487 0.9569 0.9604
00 271.460 270.167 0.8965 0.9028
00 271.460 270.246 0.8801 0.8855
00 271.460 270.412 0.9241 0.9280
00 271.460 270.498 0.9573 0.9609
00 271.460 270.194 0.8948 0.9009
00 271.460 270.292 0.8779 0.8827
00 271.460 270.446 0.9288 0.9324
00 271.460 270.503 0.9577 0.9613
00 271.460 270.212 0.8913 0.8971
00 271.460 270.358 0.8783 0.8824
00 271.460 270.478 0.9338 0.9372
00 271.460 270.499 0.9574 0.9609
00 271.460 270.231 0.8899 0.8955
00 271.460 270.415 0.8814 0.8849
00 271.460 270.503 0.9368 0.9402
00 271.460 270.491 0.9567 0.9602
00 271.460 270.238 0.8896 0.8951
00 271.460 270.428 0.8822 0.8855
00 271.460 270.505 0.9368 0.9403
00 271.460 270.483 0.9558 0.9593
00 271.460 270.235 0.8903 0.8958
00 271.460 270.441 0.8852 0.8884
00 271.460 270.495 0.9358 0.9392
00 271.460 270.469 0.9543 0.9580
00 271.460 270.223 0.8910 0.8967
00 271.460 270.471 0.8923 0.8956
00 271.460 270.485 0.9342 0.9376
00 271.460 270.457 0.9529 0.9566
00 271.512 270.254 0.8926 0.8985
00 271.460 270.508 0.9015 0.9047
00 271.460 270.470 0.9313 0.9347
00 271.461 270.455 0.9519 0.9556
00 271.660 270.373 0.8945 0.9005
00 271.460 270.541 0.9055 0.9088
00 271.460 270.439 0.9260 0.9296
00 271.542 270.521 0.9496 0.9540
00 271.726 270.412 0.8952 0.9015
00 271.479 270.576 0.8974 0.9006
00 271.460 270.419 0.9214 0.9252
00 271.735 270.679 0.9450 0.9496
00 271.666 270.351 0.8984 0.9048
00 271.684 270.745 0.8766 0.8799
00 271.464 270.447 0.9245 0.9281
00 271.747 270.613 0.9301 0.9356
00 271.633 270.314 0.9009 0.9074
00 271.652 270.749 0.8673 0.8702
00 271.857 270.873 0.9317 0.9354
00 272.090 270.956 0.9216 0.9267
00 272.049 270.732 0.9057 0.9127
00 271.994 271.107 0.8706 0.8728
00 272.198 271.215 0.9358 0.9392
00 272.859 271.775 0.9240 0.9287
00 272.770 271.449 0.9085 0.9148
00 272.733 271.780 0.8723 0.8755
00 272.980 271.991 0.9411 0.9447
00 273.367 272.290 0.9244 0.9285
00 273.161 271.895 0.9118 0.9180
00 273.261 272.247 0.8706 0.8737
00 273.457 272.452 0.9413 0.9447
00 273.915 272.820 0.9257 0.9303
00 273.906 272.711 0.9186 0.9242
00 273.667 272.590 0.8665 0.8710
00 273.949 272.923 0.9400 0.9439
00 271.460 270.477 0.9569 0.9604
00 271.460 270.159 0.9150 0.9217
00 271.460 270.186 0.9068 0.9130
00 271.460 270.194 0.9290 0.9354
00 271.460 270.473 0.9554 0.9590
00 271.460 270.163 0.9067 0.9132
00 271.460 270.232 0.9039 0.9096
00 271.460 270.216 0.9242 0.9303
00 271.460 270.477 0.9551 0.9587
00 271.460 270.174 0.9007 0.9071
00 271.460 270.248 0.9005 0.9060
00 271.460 270.307 0.9214 0.9264
00 271.460 270.490 0.9572 0.9607
00 271.460 270.187 0.8947 0.9008
00 271.460 270.236 0.8888 0.8943
00 271.460 270.388 0.9215 0.9257
00 271.460 270.504 0.9583 0.9618
00 271.460 270.227 0.8899 0.8955
00 271.460 270.253 0.8794 0.8847
00 271.460 270.438 0.9268 0.9305
00 271.460 270.521 0.9593 0.9628
00 271.460 270.264 0.8825 0.8876
00 271.460 270.307 0.8745 0.8791
00 271.460 270.492 0.9350 0.9385
00 271.460 270.536 0.9604 0.9637
00 271.460 270.306 0.8774 0.8821
00 271.460 270.384 0.8785 0.8823
00 271.460 270.514 0.9378 0.9412
00 271.460 270.541 0.9606 0.9639
00 271.460 270.336 0.8741 0.8784
00 271.460 270.447 0.8815 0.8847
00 271.460 270.525 0.9396 0.9431
00 271.460 270.536 0.9601 0.9634
00 271.460 270.350 0.8730 0.8771
00 271.460 270.479 0.8849 0.8881
00 271.460 270.535 0.9412 0.9445
00 271.460 270.524 0.9591 0.9626
00 271.460 270.348 0.8732 0.8774
00 271.460 270.502 0.8871 0.8903
00 271.460 270.535 0.9410 0.9444
00 271.460 270.515 0.9582 0.9618
00 271.471 270.349 0.8750 0.8792
00 271.460 270.538 0.8905 0.8937
00 271.460 270.518 0.9379 0.9413
00 271.460 270.505 0.9572 0.9607
00 271.605 270.447 0.8779 0.8825
00 271.462 270.566 0.8932 0.8963
00 271.460 270.503 0.9348 0.9383
00 271.462 270.497 0.9560 0.9596
00 271.822 270.616 0.8819 0.8878
00 271.501 270.619 0.8948 0.8977
00 271.460 270.503 0.9339 0.9373
00 271.608 270.635 0.9551 0.9589
00 271.783 270.550 0.8849 0.8912
00 271.672 270.758 0.8887 0.8917
00 271.460 270.502 0.9324 0.9358
00 271.716 270.735 0.9540 0.9578
00 271.715 270.461 0.8882 0.8938
00 271.840 270.863 0.8700 0.8734
00 271.465 270.492 0.9293 0.9328
00 271.720 270.720 0.9514 0.9554
00 271.670 270.389 0.8910 0.8969
00 271.712 270.761 0.8635 0.8668
00 271.761 270.729 0.9238 0.9281
00 271.762 270.712 0.9441 0.9486
00 271.565 270.291 0.8958 0.9018
00 271.995 271.032 0.8622 0.8652
00 271.929 270.936 0.9316 0.9353
00 272.162 271.040 0.9301 0.9351
00 272.355 271.020 0.8979 0.9047
00 272.160 271.224 0.8654 0.8679
00 272.454 271.466 0.9345 0.9378
00 272.998 271.845 0.9246 0.9299
00 273.574 272.153 0.8980 0.9054
00 273.528 272.501 0.8687 0.8722
00 273.502 272.492 0.9396 0.9433
00 273.754 272.603 0.9236 0.9289
00 274.028 272.583 0.8970 0.9050
00 273.908 272.878 0.8707 0.8744
00 274.114 273.089 0.9409 0.9447
00 271.460 270.448 0.9552 0.9590
00 271.460 270.227 0.9197 0.9256
00 271.460 270.190 0.9094 0.9156
00 271.460 270.205 0.9314 0.9377
00 271.460 270.478 0.9571 0.9607
00 271.460 270.192 0.9114 0.9177
00 271.460 270.202 0.9056 0.9116
00 271.460 270.192 0.9275 0.9339
00 271.460 270.501 0.9583 0.9618
00 271.460 270.179 0.9036 0.9099
00 271.460 270.224 0.9051 0.9109
00 271.460 270.201 0.9227 0.9289
00 271.460 270.500 0.9575 0.9610
00 271.460 270.198 0.8949 0.9009
00 271.460 270.238 0.9017 0.9074
00 271.460 270.280 0.9234 0.9288
00 271.460 270.505 0.9581 0.9616
00 271.460 270.241 0.8876 0.8931
00 271.460 270.243 0.8879 0.8933
00 271.460 270.353 0.9229 0.9275
00 271.460 270.517 0.9592 0.9627
00 271.460 270.289 0.8835 0.8883
00 271.460 270.299 0.8815 0.8863
00 271.460 270.434 0.9257 0.9294
00 271.460 270.529 0.9599 0.9634
00 271.460 270.341 0.8723 0.8765
00 271.460 270.356 0.8785 0.8826
00 271.460 270.516 0.9377 0.9411
00 271.460 270.545 0.9610 0.9642
00 271.460 270.397 0.8671 0.8706
00 271.460 270.428 0.8809 0.8842
00 271.460 270.537 0.9405 0.9438
00 271.460 270.558 0.9618 0.9649
00 271.460 270.429 0.8607 0.8638
00 271.460 270.481 0.8846 0.8878
00 271.460 270.535 0.9396 0.9430
00 271.460 270.563 0.9619 0.9650
00 271.460 270.437 0.8592 0.8622
00 271.460 270.516 0.8893 0.8925
00 271.460 270.528 0.9385 0.9420
00 271.460 270.560 0.9615 0.9646
00 271.528 270.494 0.8585 0.8622
00 271.460 270.543 0.8921 0.8954
00 271.460 270.522 0.9375 0.9410
00 271.460 270.551 0.9608 0.9640
00 271.756 270.695 0.8600 0.8644
00 271.506 270.603 0.8923 0.8954
00 271.460 270.515 0.9361 0.9395
00 271.460 270.542 0.9599 0.9632
00 271.870 270.798 0.8632 0.8676
00 271.621 270.728 0.8932 0.8961
00 271.460 270.496 0.9326 0.9360
00 271.466 270.539 0.9590 0.9624
00 271.865 270.802 0.8679 0.8722
00 271.751 270.876 0.8998 0.9023
00 271.460 270.470 0.9291 0.9325
00 271.554 270.614 0.9580 0.9615
00 271.867 270.779 0.8695 0.8741
00 271.947 271.059 0.8959 0.8984
00 271.463 270.410 0.9162 0.9201
00 271.616 270.668 0.9572 0.9607
00 271.833 270.719 0.8728 0.8777
00 271.976 271.074 0.8849 0.8874
00 271.780 270.693 0.9135 0.9183
00 271.577 270.626 0.9564 0.9600
00 271.822 270.667 0.8742 0.8796
00 271.879 271.000 0.8846 0.8870
00 271.978 270.887 0.9138 0.9185
00 271.582 270.625 0.9546 0.9583
00 271.976 270.760 0.8757 0.8815
00 271.867 271.016 0.8878 0.8899
00 272.055 271.032 0.9223 0.9262
00 272.237 271.243 0.9511 0.9548
00 272.814 271.507 0.8789 0.8853
00 272.164 271.297 0.8879 0.8897
00 272.115 271.139 0.9303 0.9337
00 272.574 271.525 0.9438 0.9483
00 273.351 271.999 0.8834 0.8902
00 273.070 272.112 0.8837 0.8866
00 273.209 272.215 0.9371 0.9405
00 273.231 272.116 0.9365 0.9412
00 273.624 272.243 0.8871 0.8938
00 273.286 272.279 0.8752 0.8782
00 273.726 272.725 0.9401 0.9439
00 271.460 270.503 0.9579 0.9614
00 271.460 270.201 0.9076 0.9137
00 271.460 270.207 0.9079 0.9140
00 271.460 270.178 0.9271 0.9336
00 271.460 270.525 0.9594 0.9628
00 271.460 270.203 0.8997 0.9057
00 271.460 270.230 0.9066 0.9124
00 271.460 270.199 0.9234 0.9297
00 271.460 270.517 0.9586 0.9621
00 271.460 270.288 0.8954 0.9004
00 271.460 270.249 0.9020 0.9075
00 271.460 270.250 0.9241 0.9298
00 271.460 270.520 0.9588 0.9623
00 271.460 270.320 0.8904 0.8950
00 271.460 270.308 0.8931 0.8978
00 271.460 270.299 0.9239 0.9291
00 271.460 270.527 0.9596 0.9631
00 271.460 270.315 0.8816 0.8861
00 271.460 270.362 0.8845 0.8886
00 271.460 270.350 0.9198 0.9243
00 271.460 270.535 0.9602 0.9635
00 271.460 270.384 0.8649 0.8685
00 271.460 270.405 0.8811 0.8846
00 271.460 270.450 0.9267 0.9302
00 271.460 270.544 0.9606 0.9639
00 271.460 270.429 0.8594 0.8625
00 271.460 270.468 0.8845 0.8877
00 271.460 270.538 0.9398 0.9432
00 271.460 270.556 0.9614 0.9645
00 271.460 270.463 0.8556 0.8587
00 271.460 270.518 0.8901 0.8933
00 271.460 270.559 0.9433 0.9464
00 271.460 270.565 0.9620 0.9650
00 271.460 270.489 0.8577 0.8607
00 271.460 270.547 0.8931 0.8963
00 271.460 270.565 0.9438 0.9468
00 271.460 270.570 0.9622 0.9652
00 271.667 270.692 0.8632 0.8669
00 271.492 270.594 0.8948 0.8979
00 271.460 270.565 0.9437 0.9468
00 271.460 270.570 0.9620 0.9649
00 271.771 270.804 0.8685 0.8720
00 271.579 270.689 0.8948 0.8976
00 271.460 270.550 0.9423 0.9455
00 271.460 270.565 0.9614 0.9644
00 271.838 270.876 0.8728 0.8761
00 271.534 270.677 0.8976 0.9002
00 271.460 270.520 0.9384 0.9418
00 271.459 270.556 0.9605 0.9637
00 271.836 270.889 0.8756 0.8787
00 271.639 270.816 0.9064 0.9085
00 271.480 270.506 0.9320 0.9356
00 271.606 270.690 0.9597 0.9629
00 271.879 270.949 0.8779 0.8808
00 271.753 270.940 0.9080 0.9098
00 272.026 270.996 0.9266 0.9307
00 271.939 271.000 0.9585 0.9618
00 272.043 271.122 0.8801 0.8827
00 271.885 271.068 0.9049 0.9067
00 272.036 270.956 0.9105 0.9149
00 271.955 271.006 0.9574 0.9608
00 272.028 271.160 0.8820 0.8840
00 272.207 271.364 0.9055 0.9072
00 272.291 271.168 0.8977 0.9023
00 271.912 270.960 0.9555 0.9590
00 272.180 271.360 0.8865 0.8878
00 272.059 271.229 0.9084 0.9101
00 272.201 271.039 0.8749 0.8799
00 272.502 271.530 0.9542 0.9579
00 272.994 272.151 0.8908 0.8925
00 272.456 271.587 0.9069 0.9096
00 272.529 271.378 0.8961 0.9007
00 272.583 271.606 0.9528 0.9566
00 273.394 272.524 0.8915 0.8939
00 272.812 271.916 0.9042 0.9068
00 273.251 272.182 0.9287 0.9328
00 273.352 272.343 0.9508 0.9544
00 273.914 272.994 0.8898 0.8924
00 273.852 272.882 0.9038 0.9071
00 273.683 272.683 0.9367 0.9405
00 271.460 270.456 0.9528 0.9565
00 271.460 270.251 0.9148 0.9204
00 271.460 270.199 0.9107 0.9168
00 271.460 270.226 0.9328 0.9389
00 271.460 270.472 0.9534 0.9569
00 271.460 270.234 0.9068 0.9125
00 271.460 270.228 0.9105 0.9163
00 271.460 270.195 0.9294 0.9357
00 271.460 270.518 0.9574 0.9609
00 271.460 270.318 0.9059 0.9107
00 271.460 270.252 0.9085 0.9140
00 271.460 270.226 0.9269 0.9329
00 271.460 270.515 0.9572 0.9608
00 271.460 270.354 0.9011 0.9054
00 271.460 270.307 0.9070 0.9119
00 271.460 270.235 0.9259 0.9318
00 271.460 270.513 0.9577 0.9613
00 271.460 270.347 0.8944 0.8987
00 271.460 270.348 0.9015 0.9060
00 271.460 270.265 0.9273 0.9329
00 271.460 270.518 0.9582 0.9618
00 271.460 270.341 0.8831 0.8874
00 271.460 270.395 0.8890 0.8928
00 271.460 270.301 0.9222 0.9274
00 271.460 270.525 0.9589 0.9624
00 271.460 270.434 0.8662 0.8694
00 271.460 270.448 0.8818 0.8849
00 271.460 270.356 0.9183 0.9228
00 271.460 270.540 0.9598 0.9631
00 271.460 270.442 0.8552 0.8583
00 271.460 270.501 0.8839 0.8871
00 271.460 270.443 0.9228 0.9264
00 271.460 270.547 0.9602 0.9635
00 271.460 270.504 0.8534 0.8565
00 271.460 270.544 0.8890 0.8923
00 271.460 270.567 0.9432 0.9462
00 271.460 270.553 0.9608 0.9640
00 271.455 270.536 0.8575 0.8606
00 271.460 270.576 0.8943 0.8973
00 271.460 270.582 0.9455 0.9484
00 271.460 270.559 0.9614 0.9645
00 271.731 270.793 0.8632 0.8664
00 271.530 270.659 0.8968 0.8995
00 271.460 270.586 0.9461 0.9489
00 271.460 270.564 0.9616 0.9646
00 271.757 270.830 0.8698 0.8728
00 271.614 270.763 0.9000 0.9024
00 271.460 270.579 0.9457 0.9486
00 271.465 270.568 0.9613 0.9644
00 271.716 270.809 0.8773 0.8801
00 271.688 270.855 0.9037 0.9059
00 271.463 270.563 0.9440 0.9471
00 271.528 270.625 0.9607 0.9638
00 271.845 270.933 0.8847 0.8874
00 271.650 270.850 0.9108 0.9126
00 271.656 270.724 0.9401 0.9434
00 271.854 270.941 0.9603 0.9634
00 272.023 271.107 0.8898 0.8924
00 271.919 271.116 0.9152 0.9168
00 271.958 270.990 0.9346 0.9380
00 272.051 271.128 0.9597 0.9627
00 272.056 271.156 0.8916 0.8940
00 271.979 271.177 0.9152 0.9167
00 272.042 271.010 0.9173 0.9213
00 271.802 270.886 0.9589 0.9620
00 271.920 271.070 0.8921 0.8942
00 271.906 271.106 0.9146 0.9162
00 271.990 270.913 0.9007 0.9052
00 272.185 271.244 0.9565 0.9597
00 272.494 271.656 0.8958 0.8981
00 272.465 271.634 0.9202 0.9224
00 272.784 271.620 0.8889 0.8944
00 272.825 271.861 0.9548 0.9583
00 272.924 272.091 0.8985 0.9003
00 272.834 271.989 0.9216 0.9237
00 273.018 271.837 0.8819 0.8873
00 272.881 271.915 0.9536 0.9571
00 273.101 272.264 0.9006 0.9022
00 272.580 271.750 0.9196 0.9217
00 272.759 271.603 0.8798 0.8852
00 273.004 272.033 0.9529 0.9564
00 273.217 272.358 0.8985 0.9001
00 272.731 271.885 0.9185 0.9207
00 272.845 271.698 0.8976 0.9029
00 271.460 270.466 0.9531 0.9567
00 271.460 270.335 0.9209 0.9257
00 271.460 270.252 0.9144 0.9199
00 271.460 270.331 0.9423 0.9473
00 271.460 270.478 0.9529 0.9564
00 271.460 270.308 0.9008 0.9057
00 271.460 270.294 0.9100 0.9151
00 271.460 270.196 0.9273 0.9336
00 271.460 270.534 0.9584 0.9617
00 271.460 270.457 0.8750 0.8781
00 271.460 270.449 0.8849 0.8881
00 271.460 270.332 0.9253 0.9302
00 271.460 270.548 0.9583 0.9615
00 271.460 270.440 0.8498 0.8529
00 271.460 270.510 0.8838 0.8870
00 271.460 270.381 0.9181 0.9224
00 271.460 270.540 0.9584 0.9617
00 271.460 270.497 0.8489 0.8519
00 271.460 270.554 0.8880 0.8912
00 271.460 270.528 0.9334 0.9368
00 271.460 270.534 0.9587 0.9620
00 271.656 270.690 0.8495 0.8531
00 271.460 270.589 0.8927 0.8955
00 271.460 270.569 0.9410 0.9440
00 271.460 270.533 0.9591 0.9625
00 271.826 270.856 0.8495 0.8528
00 271.548 270.693 0.8970 0.8995
00 271.460 270.590 0.9451 0.9479
00 271.449 270.530 0.9598 0.9631
00 271.740 270.806 0.8505 0.8536
00 271.576 270.739 0.9003 0.9026
00 271.463 270.602 0.9468 0.9494
00 271.457 270.541 0.9598 0.9631
00 271.722 270.790 0.8508 0.8539
00 271.604 270.778 0.9033 0.9055
00 271.530 270.668 0.9467 0.9494
00 271.665 270.745 0.9597 0.9629
00 271.793 270.828 0.8520 0.8553
00 271.649 270.839 0.9079 0.9098
00 271.688 270.816 0.9450 0.9477
00 272.040 271.113 0.9596 0.9627
00 272.014 271.003 0.8602 0.8637
00 271.816 271.020 0.9148 0.9165
00 271.952 271.058 0.9414 0.9441
00 272.456 271.521 0.9595 0.9629
00 272.353 271.306 0.8713 0.8748
00 272.043 271.250 0.9234 0.9249
00 272.271 271.341 0.9352 0.9379
00 272.201 271.279 0.9596 0.9625
00 272.110 271.167 0.8848 0.8876
00 271.936 271.160 0.9280 0.9293
00 272.089 271.108 0.9165 0.9199
00 272.417 271.486 0.9586 0.9616
00 272.271 271.443 0.8960 0.8974
00 272.124 271.339 0.9302 0.9315
00 272.275 271.190 0.8968 0.9010
00 273.002 272.045 0.9559 0.9592
00 272.977 272.140 0.8990 0.9008
00 272.746 271.934 0.9334 0.9352
00 272.738 271.601 0.8887 0.8939
00 273.054 272.090 0.9540 0.9573
00 273.113 272.229 0.8930 0.8951
00 272.550 271.755 0.9355 0.9373
00 272.747 271.623 0.8873 0.8923
00 272.989 272.022 0.9525 0.9559
00 272.833 271.906 0.8874 0.8903
00 272.576 271.780 0.9358 0.9376
00 272.874 271.695 0.8692 0.8747
00 271.460 270.544 0.9552 0.9584
00 271.460 270.470 0.8485 0.8515
00 271.460 270.524 0.8882 0.8914
00 271.460 270.279 0.9114 0.9167
00 271.460 270.532 0.9555 0.9589
00 271.460 270.512 0.8520 0.8551
00 271.460 270.561 0.8911 0.8943
00 271.460 270.472 0.9226 0.9260
00 271.460 270.524 0.9561 0.9596
00 271.642 270.682 0.8503 0.8538
00 271.460 270.589 0.8935 0.8963
00 271.460 270.566 0.9398 0.9429
00 271.465 270.527 0.9567 0.9601
00 271.766 270.821 0.8507 0.8539
00 271.501 270.650 0.8944 0.8970
00 271.461 270.581 0.9419 0.9448
00 271.476 270.543 0.9573 0.9608
00 271.718 270.806 0.8511 0.8540
00 271.622 270.778 0.8946 0.8969
00 271.469 270.604 0.9440 0.9468
00 271.742 270.802 0.9576 0.9610
00 271.711 270.812 0.8500 0.8528
00 271.693 270.859 0.8959 0.8981
00 271.563 270.703 0.9449 0.9475
00 271.777 270.837 0.9578 0.9612
00 271.930 271.012 0.8511 0.8537
00 271.855 271.017 0.8972 0.8992
00 271.942 271.068 0.9443 0.9468
00 272.032 271.085 0.9577 0.9610
00 272.135 271.160 0.8502 0.8530
00 271.864 271.049 0.9042 0.9060
00 272.029 271.151 0.9426 0.9451
00 272.147 271.191 0.9565 0.9599
00 272.238 271.185 0.8492 0.8527
00 271.983 271.171 0.9093 0.9109
00 272.224 271.331 0.9394 0.9419
00 272.122 271.184 0.9579 0.9611
00 272.193 271.180 0.8669 0.8702
00 272.003 271.199 0.9124 0.9140
00 272.070 271.167 0.9342 0.9369
00 272.051 271.123 0.9577 0.9609
00 272.053 271.234 0.8909 0.8924
00 271.947 271.144 0.9137 0.9152
00 272.068 271.127 0.9238 0.9268
00 272.397 271.467 0.9571 0.9601
00 272.427 271.630 0.8915 0.8935
00 272.379 271.537 0.9162 0.9186
00 272.634 271.595 0.9071 0.9114
00 272.777 271.836 0.9558 0.9591
00 272.676 271.807 0.8842 0.8866
00 272.678 271.814 0.9210 0.9234
00 273.238 272.129 0.8982 0.9026
00 273.230 272.262 0.9535 0.9568
00 273.104 272.136 0.8799 0.8828
00 272.888 272.009 0.9234 0.9258
00 273.448 272.345 0.8953 0.8993
00 273.448 272.345 0.8953 0.8993
